# Force         
# CofR          : (0.00000000e+00 0.00000000e+00 0.00000000e+00)
#
# Time          	total_x total_y total_z	pressure_x pressure_y pressure_z	viscous_x viscous_y viscous_z
10               2.31439072e+00 1.85459588e+00 1.18450689e-01 2.29778236e+00 1.85191742e+00 1.21198692e-01 1.66083607e-02 2.67845770e-03 -2.74800312e-03
20               1.72170881e+00 -4.52989533e-01 3.31089048e-01 1.69675075e+00 -4.52728315e-01 3.34586926e-01 2.49580658e-02 -2.61218728e-04 -3.49787857e-03
30               7.30882404e-01 7.28552403e-01 3.03502064e-01 7.05401438e-01 7.33682727e-01 3.06222693e-01 2.54809654e-02 -5.13032383e-03 -2.72062919e-03
40               -5.19552886e-01 7.88122815e-01 -2.90349318e-01 -5.45070169e-01 7.84079391e-01 -3.03749733e-01 2.55172831e-02 4.04342397e-03 1.34004151e-02
50               -2.29559191e+00 7.66091238e-01 -8.92503040e-01 -2.32465649e+00 7.54302036e-01 -9.34615301e-01 2.90645831e-02 1.17892024e-02 4.21122614e-02
60               -4.42019774e+00 8.14486465e-01 -7.64825124e-01 -4.44900797e+00 7.97723795e-01 -8.36536281e-01 2.88102324e-02 1.67626701e-02 7.17111568e-02
70               -5.52788781e+00 1.72491665e-01 -6.42644555e-01 -5.54809860e+00 1.41931474e-01 -7.37396029e-01 2.02107921e-02 3.05601912e-02 9.47514739e-02
80               -5.62715770e+00 -2.23344100e-01 -4.44343430e-01 -5.64021344e+00 -2.70871917e-01 -5.52884598e-01 1.30557444e-02 4.75278161e-02 1.08541169e-01
90               -5.42439928e+00 -7.17791112e-01 -2.04166393e-02 -5.43583846e+00 -7.74408592e-01 -1.30965584e-01 1.14391854e-02 5.66174801e-02 1.10548944e-01
100              -5.14175426e+00 -1.05856923e+00 -1.66199132e-01 -5.15457879e+00 -1.11854866e+00 -2.75070708e-01 1.28245277e-02 5.99794324e-02 1.08871577e-01
110              -4.89488508e+00 -1.60166863e+00 -8.65612594e-02 -4.91144522e+00 -1.66858219e+00 -1.94684052e-01 1.65601403e-02 6.69135511e-02 1.08122793e-01
120              -5.14957167e+00 -2.39831404e+00 -1.21171789e-01 -5.17297694e+00 -2.47105176e+00 -2.33788173e-01 2.34052664e-02 7.27377273e-02 1.12616384e-01
130              -5.39296071e+00 -3.10423916e+00 -5.89972349e-01 -5.41880822e+00 -3.18151268e+00 -7.14126589e-01 2.58475098e-02 7.72735232e-02 1.24154240e-01
140              -5.07066222e+00 -2.97674348e+00 -4.26676549e-01 -5.09459515e+00 -3.04460307e+00 -5.70740045e-01 2.39329236e-02 6.78595865e-02 1.44063497e-01
150              -4.67889974e+00 -2.75829547e+00 5.32164709e-01 -4.69819790e+00 -2.80438386e+00 3.68127323e-01 1.92981630e-02 4.60883893e-02 1.64037386e-01
160              -4.81168298e+00 -2.96144605e+00 1.81612653e+00 -4.82504253e+00 -2.98334923e+00 1.62822354e+00 1.33595418e-02 2.19031822e-02 1.87902989e-01
170              -5.06718434e+00 -3.46355597e+00 2.66217184e+00 -5.07167179e+00 -3.47066922e+00 2.44525389e+00 4.48745682e-03 7.11325263e-03 2.16917958e-01
180              -5.04729060e+00 -3.39761595e+00 2.99676371e+00 -5.04283589e+00 -3.40590569e+00 2.75533022e+00 -4.45471020e-03 8.28973403e-03 2.41433490e-01
190              -5.12745054e+00 -3.26669836e+00 2.58736319e+00 -5.11420459e+00 -3.28157431e+00 2.32433765e+00 -1.32459509e-02 1.48759517e-02 2.63025544e-01
200              -5.46179529e+00 -2.71183591e+00 2.45340034e+00 -5.43932421e+00 -2.73774135e+00 2.17184018e+00 -2.24710759e-02 2.59054487e-02 2.81560161e-01
210              -5.51671795e+00 -1.72201475e+00 3.89279376e+00 -5.48268761e+00 -1.77198508e+00 3.60540046e+00 -3.40303420e-02 4.99703283e-02 2.87393301e-01
220              -5.74985438e+00 -5.32962708e-01 5.68034162e+00 -5.70019875e+00 -6.26519037e-01 5.40299095e+00 -4.96556285e-02 9.35563289e-02 2.77350667e-01
230              -6.04521687e+00 -5.77361636e-02 6.57328655e+00 -5.97837501e+00 -2.21383548e-01 6.32713209e+00 -6.68418622e-02 1.63647385e-01 2.46154466e-01
240              -6.41021538e+00 8.82170551e-01 8.08532772e+00 -6.32597402e+00 6.30016837e-01 7.89445588e+00 -8.42413583e-02 2.52153714e-01 1.90871838e-01
250              -6.87378790e+00 1.97926823e+00 9.65456361e+00 -6.77251142e+00 1.64720346e+00 9.53861638e+00 -1.01276477e-01 3.32064772e-01 1.15947235e-01
260              -7.21393581e+00 2.39776284e+00 1.09124735e+01 -7.10169725e+00 2.00881128e+00 1.08818716e+01 -1.12238563e-01 3.88951564e-01 3.06019734e-02
270              -7.40363565e+00 3.45408944e+00 1.10708232e+01 -7.28484122e+00 3.03227525e+00 1.11276804e+01 -1.18794432e-01 4.21814186e-01 -5.68572194e-02
280              -7.54113247e+00 5.47849861e+00 1.10001956e+01 -7.42701909e+00 5.04439059e+00 1.11388607e+01 -1.14113380e-01 4.34108013e-01 -1.38665051e-01
290              -7.57637461e+00 6.57721051e+00 1.02600535e+01 -7.47804300e+00 6.15271447e+00 1.04650673e+01 -9.83316168e-02 4.24496042e-01 -2.05013866e-01
300              -7.60157368e+00 7.28886691e+00 7.89898045e+00 -7.52443880e+00 6.88699331e+00 8.14306118e+00 -7.71348786e-02 4.01873593e-01 -2.44080737e-01
310              -7.61684045e+00 9.61662612e+00 5.82041149e+00 -7.56076337e+00 9.24160183e+00 6.07502981e+00 -5.60770791e-02 3.75024289e-01 -2.54618324e-01
320              -7.62778907e+00 1.04571671e+01 4.05873474e+00 -7.59277050e+00 1.01145330e+01 4.31488182e+00 -3.50185672e-02 3.42634113e-01 -2.56147080e-01
330              -7.45007811e+00 9.69442675e+00 2.72791951e+00 -7.43265412e+00 9.37700990e+00 2.99248333e+00 -1.74239880e-02 3.17416850e-01 -2.64563827e-01
340              -7.54073346e+00 9.92682430e+00 3.09260734e+00 -7.53476628e+00 9.62165296e+00 3.38429686e+00 -5.96718929e-03 3.05171340e-01 -2.91689524e-01
350              -7.43824763e+00 1.00686538e+01 4.11524797e+00 -7.43969797e+00 9.77601700e+00 4.42782588e+00 1.45034018e-03 2.92636803e-01 -3.12577906e-01
360              -7.61433197e+00 1.00275759e+01 4.67858738e+00 -7.62515692e+00 9.74971956e+00 4.99322232e+00 1.08249505e-02 2.77856306e-01 -3.14634947e-01
370              -7.90035459e+00 1.01471923e+01 5.65395292e+00 -7.92256933e+00 9.88270725e+00 5.94047662e+00 2.22147355e-02 2.64485084e-01 -2.86523702e-01
380              -8.19527722e+00 1.15858522e+01 6.03772543e+00 -8.22782054e+00 1.13225249e+01 6.30345254e+00 3.25433228e-02 2.63327255e-01 -2.65727113e-01
390              -8.47144697e+00 1.22068268e+01 6.03223792e+00 -8.50758277e+00 1.19408778e+01 6.28693416e+00 3.61357991e-02 2.65949010e-01 -2.54696246e-01
400              -8.59116247e+00 1.10838784e+01 2.83766337e+00 -8.62240410e+00 1.08152847e+01 3.06920604e+00 3.12416329e-02 2.68593698e-01 -2.31542669e-01
410              -8.39679245e+00 9.42821076e+00 7.50190373e-01 -8.41394537e+00 9.15604265e+00 9.53720440e-01 1.71529246e-02 2.72168116e-01 -2.03530068e-01
420              -8.30610217e+00 8.66354726e+00 -7.32254842e-01 -8.31221015e+00 8.37260349e+00 -5.42189220e-01 6.10797596e-03 2.90943772e-01 -1.90065622e-01
430              -7.73474258e+00 7.97085817e+00 -1.61547156e+00 -7.74885650e+00 7.66590470e+00 -1.41480677e+00 1.41139169e-02 3.04953467e-01 -2.00664787e-01
440              -7.56604147e+00 7.78516284e+00 -2.19040570e+00 -7.58838720e+00 7.45946567e+00 -1.96375892e+00 2.23457358e-02 3.25697164e-01 -2.26646783e-01
450              -7.83067577e+00 7.02457394e+00 -8.38504368e-01 -7.84819281e+00 6.67093682e+00 -5.72769987e-01 1.75170384e-02 3.53637126e-01 -2.65734381e-01
460              -8.04844756e+00 6.01617624e+00 -6.86498669e-01 -8.05709301e+00 5.64875139e+00 -3.60286122e-01 8.64544569e-03 3.67424857e-01 -3.26212547e-01
470              -8.59802875e+00 5.38641950e+00 -2.04112926e+00 -8.60104948e+00 5.00968373e+00 -1.65634981e+00 3.02072952e-03 3.76735775e-01 -3.84779447e-01
480              -8.99699101e+00 4.62380054e+00 -3.81595836e+00 -8.99894474e+00 4.24738928e+00 -3.39676432e+00 1.95373292e-03 3.76411256e-01 -4.19194043e-01
490              -9.63944411e+00 4.32760175e+00 -5.75630249e+00 -9.64177409e+00 3.97408546e+00 -5.33011302e+00 2.32998513e-03 3.53516293e-01 -4.26189467e-01
500              -1.02250213e+01 4.00912865e+00 -8.40764398e+00 -1.02241417e+01 3.70942522e+00 -8.00250311e+00 -8.79544013e-04 2.99703424e-01 -4.05140879e-01
510              -1.01522633e+01 3.93506127e+00 -9.09434541e+00 -1.01353963e+01 3.72499121e+00 -8.74916620e+00 -1.68669835e-02 2.10070062e-01 -3.45179213e-01
520              -9.93509912e+00 4.91618722e+00 -8.88438465e+00 -9.89695872e+00 4.81264080e+00 -8.63006767e+00 -3.81403950e-02 1.03546418e-01 -2.54316973e-01
530              -1.05636531e+01 5.89592629e+00 -8.86978635e+00 -1.05163540e+01 5.89676068e+00 -8.73540989e+00 -4.72991289e-02 -8.34395593e-04 -1.34376463e-01
540              -1.11116623e+01 4.25700416e+00 -9.90675084e+00 -1.10754339e+01 4.35328021e+00 -9.91270733e+00 -3.62284306e-02 -9.62760517e-02 5.95648803e-03
550              -1.17965472e+01 3.10537969e-01 -1.06848855e+01 -1.17897800e+01 4.87558753e-01 -1.08328671e+01 -6.76726286e-03 -1.77020784e-01 1.47981577e-01
560              -1.22648824e+01 -4.05569109e+00 -1.03312407e+01 -1.23037497e+01 -3.82018195e+00 -1.06104281e+01 3.88672871e-02 -2.35509136e-01 2.79187319e-01
570              -1.22578903e+01 -7.28279791e+00 -1.05039833e+01 -1.23450042e+01 -7.02040982e+00 -1.08672106e+01 8.71138668e-02 -2.62388081e-01 3.63227332e-01
580              -1.20952399e+01 -1.07604073e+01 -9.58711513e+00 -1.22190443e+01 -1.05244205e+01 -9.99665357e+00 1.23804411e-01 -2.35986778e-01 4.09538440e-01
590              -1.13737255e+01 -1.42885555e+01 -5.86682996e+00 -1.15241200e+01 -1.41493435e+01 -6.29708061e+00 1.50394465e-01 -1.39211909e-01 4.30250650e-01
600              -1.09272880e+01 -1.35359491e+01 5.53353111e-01 -1.10977904e+01 -1.35216417e+01 1.33127363e-01 1.70502436e-01 -1.43074716e-02 4.20225748e-01
610              -1.03284241e+01 -1.11994613e+01 5.75722414e+00 -1.05169239e+01 -1.12983351e+01 5.37113081e+00 1.88499780e-01 9.88737618e-02 3.86093325e-01
620              -9.23946979e+00 -9.35820031e+00 9.55496994e+00 -9.44045972e+00 -9.56910342e+00 9.21151691e+00 2.00989930e-01 2.10903110e-01 3.43453033e-01
630              -9.14977115e+00 -7.86049809e+00 1.40617154e+01 -9.35904351e+00 -8.20054003e+00 1.37600759e+01 2.09272360e-01 3.40041943e-01 3.01639488e-01
640              -9.33651642e+00 -3.74702442e+00 1.56161079e+01 -9.55589235e+00 -4.21900479e+00 1.53576624e+01 2.19375928e-01 4.71980374e-01 2.58445467e-01
650              -1.01152798e+01 7.95956842e-01 1.64620446e+01 -1.03467621e+01 2.19731891e-01 1.62568419e+01 2.31482315e-01 5.76224951e-01 2.05202701e-01
660              -1.17086428e+01 3.13617339e+00 1.53442790e+01 -1.19536417e+01 2.48729127e+00 1.51984791e+01 2.44998891e-01 6.48882121e-01 1.45799866e-01
670              -1.23327936e+01 7.57460560e+00 1.23125934e+01 -1.25871210e+01 6.86476624e+00 1.22281750e+01 2.54327378e-01 7.09839356e-01 8.44184609e-02
680              -1.23125717e+01 1.39388427e+01 9.96049686e+00 -1.25702770e+01 1.31799220e+01 9.95544009e+00 2.57705291e-01 7.58920703e-01 5.05677124e-03
690              -1.21072595e+01 1.74414321e+01 7.22460253e+00 -1.23686206e+01 1.66377963e+01 7.32202863e+00 2.61361058e-01 8.03635880e-01 -9.74260988e-02
700              -1.18148252e+01 1.65439077e+01 4.23784012e+00 -1.20759697e+01 1.57113924e+01 4.46236263e+00 2.61144496e-01 8.32515244e-01 -2.24522506e-01
710              -1.12532602e+01 1.58757362e+01 1.58444757e+00 -1.15124628e+01 1.50269090e+01 1.94876619e+00 2.59202528e-01 8.48827215e-01 -3.64318620e-01
720              -1.11299382e+01 1.69855838e+01 2.31185327e-01 -1.13883720e+01 1.61295027e+01 7.24985827e-01 2.58433805e-01 8.56081067e-01 -4.93800500e-01
730              -1.14934548e+01 1.88831532e+01 -1.50752172e+00 -1.17532944e+01 1.80356345e+01 -9.02419555e-01 2.59839640e-01 8.47518613e-01 -6.05102162e-01
740              -1.22083386e+01 2.03035271e+01 -4.43554044e+00 -1.24723009e+01 1.94916933e+01 -3.73789217e+00 2.63962362e-01 8.11833857e-01 -6.97648271e-01
750              -1.28768053e+01 2.10902159e+01 -6.92999223e+00 -1.31465360e+01 2.03622216e+01 -6.15089561e+00 2.69730680e-01 7.27994299e-01 -7.79096619e-01
760              -1.26823202e+01 1.96345173e+01 -9.75849196e+00 -1.29542393e+01 1.90525907e+01 -8.91483066e+00 2.71919136e-01 5.81926641e-01 -8.43661299e-01
770              -1.20334260e+01 1.80173390e+01 -1.27829701e+01 -1.22971028e+01 1.76048216e+01 -1.18993218e+01 2.63676797e-01 4.12517422e-01 -8.83648244e-01
780              -1.23031172e+01 1.86485133e+01 -1.53757679e+01 -1.25511461e+01 1.84104729e+01 -1.44842115e+01 2.48028862e-01 2.38040444e-01 -8.91556400e-01
790              -1.19933755e+01 1.90176490e+01 -1.50247953e+01 -1.22293330e+01 1.89388785e+01 -1.41488307e+01 2.35957524e-01 7.87704479e-02 -8.75964615e-01
800              -1.19731059e+01 1.82164112e+01 -1.55084384e+01 -1.22002310e+01 1.82839197e+01 -1.46689483e+01 2.27125082e-01 -6.75085162e-02 -8.39490080e-01
810              -1.29309725e+01 1.43114496e+01 -1.81911270e+01 -1.31532198e+01 1.45069047e+01 -1.74088202e+01 2.22247229e-01 -1.95455115e-01 -7.82306820e-01
820              -1.39053224e+01 1.14518844e+01 -2.02159840e+01 -1.41273797e+01 1.17225950e+01 -1.95001165e+01 2.22057291e-01 -2.70710598e-01 -7.15867442e-01
830              -1.46053175e+01 9.45874968e+00 -1.87010367e+01 -1.48324952e+01 9.72937223e+00 -1.80611971e+01 2.27177656e-01 -2.70622541e-01 -6.39839577e-01
840              -1.46230586e+01 6.81029935e+00 -1.67781327e+01 -1.48592592e+01 7.04299760e+00 -1.62077135e+01 2.36200669e-01 -2.32698253e-01 -5.70419258e-01
850              -1.48218834e+01 4.70259608e+00 -1.44968382e+01 -1.50748805e+01 4.88761396e+00 -1.40006468e+01 2.52997144e-01 -1.85017877e-01 -4.96191380e-01
860              -1.55175591e+01 3.45383848e+00 -1.21318634e+01 -1.57848502e+01 3.58965314e+00 -1.17158611e+01 2.67291157e-01 -1.35814663e-01 -4.16002300e-01
870              -1.56443237e+01 3.76280912e+00 -1.14123485e+01 -1.59212673e+01 3.85246636e+00 -1.10812439e+01 2.76943604e-01 -8.96572421e-02 -3.31104574e-01
880              -1.52827381e+01 4.28123125e+00 -1.00813079e+01 -1.55631616e+01 4.32416219e+00 -9.83382241e+00 2.80423509e-01 -4.29309452e-02 -2.47485466e-01
890              -1.46226733e+01 3.61486575e+00 -1.04939718e+01 -1.49006906e+01 3.60957321e+00 -1.03271726e+01 2.78017288e-01 5.29253558e-03 -1.66799234e-01
900              -1.39839011e+01 2.02320239e+00 -9.79101964e+00 -1.42592586e+01 1.96253670e+00 -9.69583736e+00 2.75357482e-01 6.06656846e-02 -9.51822857e-02
910              -1.33422563e+01 2.85666136e-01 -6.32768344e+00 -1.36117808e+01 1.69179718e-01 -6.28355555e+00 2.69524533e-01 1.16486418e-01 -4.41278899e-02
920              -1.27702940e+01 1.58433528e-01 -2.28690189e+00 -1.30254464e+01 -3.04359654e-03 -2.26581628e+00 2.55152389e-01 1.61477124e-01 -2.10856102e-02
930              -1.19748514e+01 1.78919128e+00 -1.45353466e+00 -1.22184017e+01 1.58610222e+00 -1.42794086e+00 2.43550276e-01 2.03089061e-01 -2.55937998e-02
940              -1.06729974e+01 2.82154996e+00 -1.64199177e+00 -1.09171109e+01 2.57780196e+00 -1.60236356e+00 2.44113529e-01 2.43748001e-01 -3.96282069e-02
950              -9.95163035e+00 2.51721987e+00 -4.29742578e-01 -1.01986823e+01 2.23799664e+00 -3.63295878e-01 2.47051929e-01 2.79223233e-01 -6.64466996e-02
960              -9.93984537e+00 4.17149940e+00 3.86084905e-01 -1.01835242e+01 3.86729174e+00 4.99709727e-01 2.43678808e-01 3.04207659e-01 -1.13624822e-01
970              -9.82983782e+00 6.73776147e+00 1.20351160e+00 -1.00660982e+01 6.43336307e+00 1.37475742e+00 2.36260350e-01 3.04398404e-01 -1.71245815e-01
980              -9.56482696e+00 9.11274628e+00 1.98723983e+00 -9.79585824e+00 8.83149238e+00 2.22559812e+00 2.31031278e-01 2.81253897e-01 -2.38358290e-01
990              -1.00080474e+01 1.24506099e+01 1.30710934e+00 -1.02351683e+01 1.22205121e+01 1.62803702e+00 2.27120974e-01 2.30097755e-01 -3.20927681e-01
1000             -1.07202111e+01 1.53939648e+01 -1.83583418e+00 -1.09428558e+01 1.52416507e+01 -1.42665776e+00 2.22644645e-01 1.52314087e-01 -4.09176416e-01
1010             -1.11111349e+01 1.74027083e+01 -5.72004420e+00 -1.13352288e+01 1.73514096e+01 -5.22420784e+00 2.24093961e-01 5.12987223e-02 -4.95836359e-01
1020             -1.18056593e+01 1.87940042e+01 -9.52189538e+00 -1.20372823e+01 1.88534722e+01 -8.95064396e+00 2.31622943e-01 -5.94680175e-02 -5.71251427e-01
1030             -1.28207852e+01 1.87052504e+01 -1.40402851e+01 -1.30638743e+01 1.88954100e+01 -1.34183931e+01 2.43089155e-01 -1.90159561e-01 -6.21891926e-01
1040             -1.37657023e+01 1.55922216e+01 -1.60730142e+01 -1.40211584e+01 1.59164171e+01 -1.54561344e+01 2.55456082e-01 -3.24195559e-01 -6.16879799e-01
1050             -1.33176221e+01 1.22665513e+01 -1.73260392e+01 -1.35894003e+01 1.26808634e+01 -1.67470731e+01 2.71778152e-01 -4.14312095e-01 -5.78966112e-01
1060             -1.22498869e+01 1.05948138e+01 -1.82650802e+01 -1.25413150e+01 1.10410448e+01 -1.77366458e+01 2.91428103e-01 -4.46231045e-01 -5.28434461e-01
1070             -1.15163721e+01 8.28352963e+00 -1.73227229e+01 -1.18204625e+01 8.71791744e+00 -1.68436775e+01 3.04090408e-01 -4.34387817e-01 -4.79045389e-01
1080             -1.10728561e+01 4.04248381e+00 -1.46946461e+01 -1.13785107e+01 4.43837427e+00 -1.42602071e+01 3.05654536e-01 -3.95890468e-01 -4.34438993e-01
1090             -1.06830247e+01 -2.12101620e+00 -1.32321801e+01 -1.09950250e+01 -1.77549992e+00 -1.28310791e+01 3.12000279e-01 -3.45516285e-01 -4.01100936e-01
1100             -9.94183346e+00 -5.01695714e+00 -1.26068713e+01 -1.02722762e+01 -4.71666887e+00 -1.22290240e+01 3.30442740e-01 -3.00288271e-01 -3.77847306e-01
1110             -9.70635833e+00 -4.40999038e+00 -1.11773529e+01 -1.00590999e+01 -4.12922570e+00 -1.08293812e+01 3.52741565e-01 -2.80764685e-01 -3.47971778e-01
1120             -1.02109777e+01 -1.35988688e+00 -7.78888628e+00 -1.05818440e+01 -1.08784352e+00 -7.49118390e+00 3.70866260e-01 -2.72043357e-01 -2.97702384e-01
1130             -1.05438033e+01 1.51642644e+00 -3.90116613e+00 -1.09256008e+01 1.76070264e+00 -3.67252052e+00 3.81797590e-01 -2.44276198e-01 -2.28645616e-01
1140             -1.01295247e+01 2.44808140e+00 -9.17765393e-01 -1.05141593e+01 2.64530764e+00 -7.76224157e-01 3.84634533e-01 -1.97226248e-01 -1.41541236e-01
1150             -9.99681271e+00 1.71331330e+00 4.49628536e-01 -1.03793180e+01 1.86074630e+00 5.03877290e-01 3.82505251e-01 -1.47433003e-01 -5.42487543e-02
1160             -1.04232565e+01 1.58197583e+00 1.12396490e-01 -1.07925446e+01 1.67496136e+00 7.77507098e-02 3.69288128e-01 -9.29855299e-02 3.46457804e-02
1170             -1.05513838e+01 3.04838003e+00 -1.47480334e+00 -1.09007645e+01 3.07447570e+00 -1.58684226e+00 3.49380627e-01 -2.60956659e-02 1.12038915e-01
1180             -1.09732986e+01 3.04310662e+00 -2.49258838e+00 -1.13118005e+01 2.99923937e+00 -2.67188478e+00 3.38501930e-01 4.38672467e-02 1.79296404e-01
1190             -1.12564576e+01 2.66883839e+00 -2.30405232e+00 -1.15883784e+01 2.54703395e+00 -2.53445089e+00 3.31920850e-01 1.21804445e-01 2.30398570e-01
1200             -1.09409782e+01 2.94539332e+00 -3.45564648e+00 -1.12648376e+01 2.73469173e+00 -3.71545043e+00 3.23859396e-01 2.10701589e-01 2.59803949e-01
1210             -1.08577653e+01 2.50407182e+00 -4.77208306e+00 -1.11690531e+01 2.20711203e+00 -5.01644985e+00 3.11287815e-01 2.96959785e-01 2.44366791e-01
1220             -1.06510494e+01 -3.94751099e-01 -4.57737140e+00 -1.09437097e+01 -7.61046745e-01 -4.75777360e+00 2.92660260e-01 3.66295646e-01 1.80402206e-01
1230             -1.10939366e+01 -6.39693362e-01 -2.82635284e+00 -1.13685753e+01 -1.04731273e+00 -2.91673839e+00 2.74638677e-01 4.07619369e-01 9.03855572e-02
1240             -1.14340109e+01 2.12025549e+00 -1.31818592e+00 -1.16985303e+01 1.69406234e+00 -1.29671610e+00 2.64519444e-01 4.26193145e-01 -2.14698201e-02
1250             -1.12148165e+01 3.00659972e+00 -8.17420190e-02 -1.14786982e+01 2.57109479e+00 6.92895479e-02 2.63881749e-01 4.35504929e-01 -1.51031567e-01
1260             -1.14673542e+01 4.27011681e+00 1.17897685e+00 -1.17417312e+01 3.84088314e+00 1.48495750e+00 2.74376921e-01 4.29233669e-01 -3.05980647e-01
1270             -1.18610231e+01 6.07776317e+00 1.26154555e+00 -1.21475183e+01 5.67869965e+00 1.71948760e+00 2.86495206e-01 3.99063522e-01 -4.57942051e-01
1280             -1.28373753e+01 5.74207518e+00 -1.18650801e+00 -1.31326259e+01 5.38508627e+00 -6.17225415e-01 2.95250613e-01 3.56988916e-01 -5.69282595e-01
1290             -1.33209331e+01 5.55267468e+00 -2.51721702e+00 -1.36192000e+01 5.22805776e+00 -1.91804439e+00 2.98266909e-01 3.24616920e-01 -5.99172636e-01
1300             -1.31298467e+01 5.05460849e+00 -1.99813518e+00 -1.34288638e+01 4.74709090e+00 -1.43466349e+00 2.99017085e-01 3.07517593e-01 -5.63471691e-01
1310             -1.29955020e+01 4.35533386e+00 -9.66144044e-01 -1.33070839e+01 4.03818081e+00 -4.64297492e-01 3.11581894e-01 3.17153053e-01 -5.01846551e-01
1320             -1.28566697e+01 3.04502768e+00 7.68719579e-01 -1.31857890e+01 2.67839216e+00 1.20130511e+00 3.29119331e-01 3.66635513e-01 -4.32585533e-01
1330             -1.24445911e+01 1.56526957e+00 1.70686181e+00 -1.27836485e+01 1.12687580e+00 2.06372937e+00 3.39057360e-01 4.38393768e-01 -3.56867565e-01
1340             -1.17665430e+01 1.69053151e+00 1.81181472e+00 -1.21013656e+01 1.15462911e+00 2.07421145e+00 3.34822568e-01 5.35902403e-01 -2.62396736e-01
1350             -1.10802334e+01 2.86876241e+00 3.47420382e-01 -1.13997227e+01 2.21870004e+00 5.15622400e-01 3.19489320e-01 6.50062374e-01 -1.68202018e-01
1360             -1.04434940e+01 5.83088932e+00 -4.64509733e-01 -1.07420159e+01 5.11357961e+00 -3.69059508e-01 2.98521919e-01 7.17309706e-01 -9.54502249e-02
1370             -9.70454847e+00 7.52653892e+00 -8.81688745e-01 -9.98028106e+00 6.81566164e+00 -8.08435359e-01 2.75732592e-01 7.10877276e-01 -7.32533855e-02
1380             -8.97442068e+00 9.06795043e+00 1.10512111e+00 -9.23359537e+00 8.43022127e+00 1.18037482e+00 2.59174686e-01 6.37729164e-01 -7.52537082e-02
1390             -8.88332528e+00 1.01922359e+01 1.45204382e+00 -9.13441937e+00 9.67783761e+00 1.53564096e+00 2.51094087e-01 5.14398293e-01 -8.35971361e-02
1400             -8.79998941e+00 1.11445508e+01 2.35239102e+00 -9.04938269e+00 1.07902027e+01 2.43555535e+00 2.49393279e-01 3.54348103e-01 -8.31643339e-02
1410             -8.74622635e+00 1.16156498e+01 2.50866191e-01 -8.99908154e+00 1.14597654e+01 3.25767449e-01 2.52855187e-01 1.55884385e-01 -7.49012584e-02
1420             -1.01100828e+01 9.56941896e+00 -2.17405416e+00 -1.03732180e+01 9.60299978e+00 -2.13424197e+00 2.63135120e-01 -3.35808234e-02 -3.98121992e-02
1430             -1.11273625e+01 7.63566480e+00 -4.18435247e+00 -1.14096108e+01 7.79593414e+00 -4.20938105e+00 2.82248290e-01 -1.60269331e-01 2.50285746e-02
1440             -1.12044160e+01 3.62558148e+00 -5.06640492e+00 -1.14996835e+01 3.83392532e+00 -5.16791652e+00 2.95267536e-01 -2.08343846e-01 1.01511601e-01
1450             -1.09115844e+01 -7.84901023e-01 -3.76094520e+00 -1.12161502e+01 -5.89115814e-01 -3.93743530e+00 3.04565764e-01 -1.95785209e-01 1.76490101e-01
1460             -1.09032508e+01 -3.44266770e+00 -3.21616291e+00 -1.12189852e+01 -3.31148016e+00 -3.44827453e+00 3.15734415e-01 -1.31187548e-01 2.32111628e-01
1470             -1.16681489e+01 -3.69208139e+00 -2.92056069e+00 -1.19977161e+01 -3.66384657e+00 -3.17069420e+00 3.29567238e-01 -2.82348143e-02 2.50133512e-01
1480             -1.20300605e+01 -2.25749047e+00 -3.98935046e+00 -1.23693440e+01 -2.34127367e+00 -4.22327648e+00 3.39283488e-01 8.37831920e-02 2.33926027e-01
1490             -1.14990958e+01 -1.19545285e+00 -5.03710623e+00 -1.18453292e+01 -1.38453137e+00 -5.21811088e+00 3.46233390e-01 1.89078528e-01 1.81004652e-01
1500             -1.11371728e+01 -1.87803212e+00 -2.99809914e+00 -1.14821076e+01 -2.17160463e+00 -3.09417561e+00 3.44934838e-01 2.93572510e-01 9.60764742e-02
1510             -1.09238359e+01 -1.56764156e+00 -1.05377326e+00 -1.12546470e+01 -1.97324046e+00 -1.05511197e+00 3.30811105e-01 4.05598900e-01 1.33870917e-03
1520             -1.08098852e+01 -2.52160472e-01 1.72318122e+00 -1.11235473e+01 -7.61951055e-01 1.80286530e+00 3.13662139e-01 5.09790584e-01 -7.96840825e-02
1530             -1.09072505e+01 2.94076979e+00 5.03635199e+00 -1.12061765e+01 2.34599523e+00 5.18313506e+00 2.98925923e-01 5.94774563e-01 -1.46783071e-01
1540             -1.10669109e+01 5.66466936e+00 7.04905259e+00 -1.13586700e+01 5.01592202e+00 7.24811872e+00 2.91759039e-01 6.48747337e-01 -1.99066133e-01
1550             -1.09498958e+01 8.72727629e+00 5.04624473e+00 -1.12306094e+01 8.08153099e+00 5.28812179e+00 2.80713519e-01 6.45745302e-01 -2.41877064e-01
1560             -1.09158745e+01 1.16140160e+01 3.83152249e+00 -1.11802878e+01 1.10468349e+01 4.13847841e+00 2.64413227e-01 5.67181057e-01 -3.06955928e-01
1570             -1.11291734e+01 1.32359235e+01 -4.23795214e-01 -1.13775369e+01 1.28006044e+01 -4.26238470e-02 2.48363482e-01 4.35319025e-01 -3.81171367e-01
1580             -1.14165467e+01 1.17469455e+01 -7.00891101e+00 -1.16514633e+01 1.14535169e+01 -6.58030231e+00 2.34916586e-01 2.93428615e-01 -4.28608693e-01
1590             -1.16192984e+01 1.06099458e+01 -1.17174884e+01 -1.18480583e+01 1.04300120e+01 -1.12808721e+01 2.28759895e-01 1.79933805e-01 -4.36616310e-01
1600             -1.16695643e+01 1.07889772e+01 -1.52452380e+01 -1.19021420e+01 1.06883220e+01 -1.48345565e+01 2.32577699e-01 1.00655155e-01 -4.10681521e-01
1610             -1.13066451e+01 9.41573584e+00 -1.66247915e+01 -1.15489457e+01 9.34186971e+00 -1.62621966e+01 2.42300609e-01 7.38661364e-02 -3.62594938e-01
1620             -1.08906384e+01 8.24142073e+00 -1.67154419e+01 -1.11427021e+01 8.14851646e+00 -1.64085771e+01 2.52063654e-01 9.29042761e-02 -3.06864865e-01
1630             -1.05567591e+01 8.88437626e+00 -1.60761067e+01 -1.08129883e+01 8.73612183e+00 -1.58222736e+01 2.56229211e-01 1.48254433e-01 -2.53833108e-01
1640             -1.06157994e+01 7.71243251e+00 -1.43980292e+01 -1.08680410e+01 7.51096539e+00 -1.41651853e+01 2.52241514e-01 2.01467127e-01 -2.32843837e-01
1650             -1.11398618e+01 4.77099234e+00 -1.32287713e+01 -1.13815971e+01 4.54495731e+00 -1.29734401e+01 2.41735252e-01 2.26035029e-01 -2.55331149e-01
1660             -1.16867052e+01 2.50357252e+00 -1.18190332e+01 -1.19173055e+01 2.28781308e+00 -1.14968031e+01 2.30600211e-01 2.15759444e-01 -3.22230038e-01
1670             -1.20914392e+01 1.26303960e+00 -9.79614826e+00 -1.23139540e+01 1.07747599e+00 -9.37560203e+00 2.22514847e-01 1.85563609e-01 -4.20546236e-01
1680             -1.19477670e+01 1.78694325e+00 -7.78892035e+00 -1.21616760e+01 1.64564491e+00 -7.25575650e+00 2.13908951e-01 1.41298335e-01 -5.33163855e-01
1690             -1.20147674e+01 4.55728594e+00 -6.23212712e+00 -1.22200090e+01 4.48676781e+00 -5.61271551e+00 2.05241576e-01 7.05181225e-02 -6.19411614e-01
1700             -1.22523037e+01 6.06229803e+00 -5.34862078e+00 -1.24471855e+01 6.06453951e+00 -4.71616158e+00 1.94881870e-01 -2.24148120e-03 -6.32459199e-01
1710             -1.26700250e+01 6.89478350e+00 -5.69284254e+00 -1.28551994e+01 6.94857642e+00 -5.11150717e+00 1.85174462e-01 -5.37929210e-02 -5.81335371e-01
1720             -1.23979204e+01 6.55074021e+00 -6.06202449e+00 -1.25853893e+01 6.63144804e+00 -5.56979863e+00 1.87468901e-01 -8.07078282e-02 -4.92225867e-01
1730             -1.18840499e+01 5.84159471e+00 -6.92982740e+00 -1.20880444e+01 5.93068365e+00 -6.53517787e+00 2.03994576e-01 -8.90889336e-02 -3.94649530e-01
1740             -1.21289276e+01 3.11375491e+00 -1.01257652e+01 -1.23469246e+01 3.19385714e+00 -9.83298189e+00 2.17996938e-01 -8.01022291e-02 -2.92783358e-01
1750             -1.16699381e+01 3.84514027e-01 -1.16931326e+01 -1.18971254e+01 4.32217604e-01 -1.15130657e+01 2.27187320e-01 -4.77035773e-02 -1.80066856e-01
1760             -1.08231071e+01 -6.69321187e-01 -9.28950229e+00 -1.10603656e+01 -6.57462881e-01 -9.22315023e+00 2.37258536e-01 -1.18583056e-02 -6.63520622e-02
1770             -1.04041379e+01 -1.96179564e+00 -6.11115927e+00 -1.06516616e+01 -1.99123197e+00 -6.13476022e+00 2.47523715e-01 2.94363287e-02 2.36009450e-02
1780             -1.02667317e+01 -1.87756131e+00 -3.97223826e+00 -1.05194645e+01 -1.95600722e+00 -4.04299141e+00 2.52732811e-01 7.84459028e-02 7.07531534e-02
1790             -1.01621075e+01 -5.71328366e-01 -2.58002046e+00 -1.04198149e+01 -6.98226756e-01 -2.63714223e+00 2.57707427e-01 1.26898390e-01 5.71217690e-02
1800             -9.47835111e+00 1.73074096e+00 9.22281802e-01 -9.74689170e+00 1.56394442e+00 9.23555390e-01 2.68540598e-01 1.66796539e-01 -1.27358842e-03
1810             -9.03164955e+00 4.45917138e+00 3.94478590e+00 -9.31106033e+00 4.28340032e+00 4.01340602e+00 2.79410774e-01 1.75771060e-01 -6.86201210e-02
1820             -9.06351052e+00 7.65999773e+00 4.82813914e+00 -9.35669956e+00 7.50406524e+00 4.95558331e+00 2.93189039e-01 1.55932497e-01 -1.27444167e-01
1830             -9.52382469e+00 8.70691660e+00 4.46194866e+00 -9.83357387e+00 8.57060964e+00 4.62892178e+00 3.09749183e-01 1.36306963e-01 -1.66973120e-01
1840             -1.01149062e+01 1.06816774e+01 2.08149553e+00 -1.04349280e+01 1.05324908e+01 2.26804289e+00 3.20021801e-01 1.49186659e-01 -1.86547365e-01
1850             -1.01989927e+01 1.17190564e+01 -7.95731621e-01 -1.05208995e+01 1.15335358e+01 -5.78882207e-01 3.21906748e-01 1.85520641e-01 -2.16849414e-01
1860             -1.05985796e+01 1.10031028e+01 -4.21775809e+00 -1.09186602e+01 1.07738628e+01 -3.96183487e+00 3.20080651e-01 2.29239954e-01 -2.55923224e-01
1870             -1.12251788e+01 9.89675121e+00 -6.57839416e+00 -1.15456322e+01 9.60767250e+00 -6.30380679e+00 3.20453404e-01 2.89078706e-01 -2.74587375e-01
1880             -1.16337967e+01 6.76117202e+00 -9.25912023e+00 -1.19554768e+01 6.40345447e+00 -8.98547803e+00 3.21680106e-01 3.57717549e-01 -2.73642198e-01
1890             -1.18607634e+01 4.79820746e+00 -8.83012452e+00 -1.21885917e+01 4.37599502e+00 -8.56192952e+00 3.27828341e-01 4.22212439e-01 -2.68195004e-01
1900             -1.19030468e+01 4.96522036e+00 -8.28648732e+00 -1.22311869e+01 4.50044183e+00 -8.02101895e+00 3.28140106e-01 4.64778531e-01 -2.65468367e-01
1910             -1.16534834e+01 5.01010954e+00 -7.77989308e+00 -1.19773789e+01 4.53865706e+00 -7.51622715e+00 3.23895535e-01 4.71452485e-01 -2.63665932e-01
1920             -1.09925337e+01 4.08171766e+00 -6.79260925e+00 -1.13095085e+01 3.61864186e+00 -6.52828403e+00 3.16974730e-01 4.63075799e-01 -2.64325215e-01
1930             -1.08900731e+01 3.91452131e+00 -5.64874335e+00 -1.11979050e+01 3.46042365e+00 -5.38141557e+00 3.07831900e-01 4.54097666e-01 -2.67327780e-01
1940             -1.11836884e+01 3.58448990e+00 -5.05580784e+00 -1.14813427e+01 3.15244219e+00 -4.79276029e+00 2.97654355e-01 4.32047710e-01 -2.63047549e-01
1950             -1.13687863e+01 2.96734655e+00 -4.86222681e+00 -1.16564605e+01 2.59218145e+00 -4.60378156e+00 2.87674216e-01 3.75165096e-01 -2.58445254e-01
1960             -1.14694718e+01 3.46950365e+00 -3.36022481e+00 -1.17515484e+01 3.17769106e+00 -3.10354829e+00 2.82076673e-01 2.91812588e-01 -2.56676516e-01
1970             -1.14547181e+01 4.17480365e+00 -9.84377094e-01 -1.17356621e+01 3.97232333e+00 -7.17506169e-01 2.80943983e-01 2.02480318e-01 -2.66870925e-01
1980             -1.17097587e+01 4.67967102e+00 1.33027356e+00 -1.19935865e+01 4.56816363e+00 1.61497671e+00 2.83827786e-01 1.11507389e-01 -2.84703150e-01
1990             -1.22390011e+01 5.84986184e+00 1.38538684e+00 -1.25298154e+01 5.80096873e+00 1.69441821e+00 2.90814295e-01 4.88931108e-02 -3.09031370e-01
2000             -1.24988899e+01 6.82360819e+00 1.55488068e+00 -1.28040843e+01 6.79893976e+00 1.87151049e+00 3.05194475e-01 2.46684301e-02 -3.16629803e-01
2010             -1.19911041e+01 7.68625387e+00 2.66260153e+00 -1.23110380e+01 7.63804450e+00 2.95796824e+00 3.19933959e-01 4.82093721e-02 -2.95366711e-01
2020             -1.13567967e+01 7.51696601e+00 -4.29713634e-01 -1.16855079e+01 7.42008624e+00 -1.71320804e-01 3.28711132e-01 9.68797754e-02 -2.58392830e-01
2030             -1.08748667e+01 3.70264603e+00 -5.12045531e+00 -1.12071465e+01 3.54781168e+00 -4.90198166e+00 3.32279853e-01 1.54834349e-01 -2.18473656e-01
2040             -1.02196023e+01 1.56386450e+00 -6.10306297e+00 -1.05536055e+01 1.35401678e+00 -5.92702149e+00 3.34003192e-01 2.09847723e-01 -1.76041475e-01
2050             -9.85163758e+00 5.82667716e-01 -7.27376561e+00 -1.01802934e+01 3.42181247e-01 -7.13821586e+00 3.28655786e-01 2.40486469e-01 -1.35549746e-01
2060             -9.60523185e+00 -4.03906425e-01 -8.11221902e+00 -9.92506631e+00 -6.70354229e-01 -8.03083362e+00 3.19834458e-01 2.66447805e-01 -8.13853951e-02
2070             -9.52580566e+00 -2.09686426e+00 -5.84570280e+00 -9.83821843e+00 -2.38331683e+00 -5.82170711e+00 3.12412775e-01 2.86452570e-01 -2.39956936e-02
2080             -9.01265056e+00 -2.87340554e+00 -3.30183839e+00 -9.31815425e+00 -3.17861613e+00 -3.32940882e+00 3.05503699e-01 3.05210589e-01 2.75704241e-02
2090             -8.33358010e+00 -4.89013621e+00 -5.75847064e-01 -8.62541244e+00 -5.21514794e+00 -6.46846616e-01 2.91832331e-01 3.25011731e-01 7.09995522e-02
2100             -8.41839201e+00 -4.82346353e+00 3.44878796e+00 -8.69112556e+00 -5.16978535e+00 3.33918546e+00 2.72733553e-01 3.46321822e-01 1.09602492e-01
2110             -8.86518605e+00 -1.84147525e+00 6.49605383e+00 -9.11476223e+00 -2.21308545e+00 6.35576929e+00 2.49576186e-01 3.71610201e-01 1.40284546e-01
2120             -9.54465768e+00 3.01790143e-01 7.85788759e+00 -9.77586542e+00 -8.64517257e-02 7.69614731e+00 2.31207741e-01 3.88241869e-01 1.61740283e-01
2130             -1.04740953e+01 2.37531850e+00 8.60610759e+00 -1.06930230e+01 1.98471490e+00 8.44923655e+00 2.18927688e-01 3.90603603e-01 1.56871045e-01
2140             -1.11941717e+01 4.10428079e+00 9.39257183e+00 -1.14092206e+01 3.70707854e+00 9.28999740e+00 2.15048900e-01 3.97202256e-01 1.02574437e-01
2150             -1.23569805e+01 6.19975360e+00 8.68348686e+00 -1.25751179e+01 5.77983797e+00 8.67724130e+00 2.18137477e-01 4.19915629e-01 6.24556246e-03
2160             -1.31812854e+01 1.00872414e+01 5.46666522e+00 -1.34007735e+01 9.63329735e+00 5.58868861e+00 2.19488075e-01 4.53944070e-01 -1.22023395e-01
2170             -1.32500827e+01 1.43173703e+01 2.05570401e+00 -1.34672645e+01 1.38568928e+01 2.29903245e+00 2.17181833e-01 4.60477495e-01 -2.43328441e-01
2180             -1.34930174e+01 1.49686920e+01 -2.59644885e-01 -1.37076855e+01 1.45312121e+01 8.12652711e-02 2.14668088e-01 4.37479875e-01 -3.40910156e-01
2190             -1.32565861e+01 1.46607190e+01 -5.97328686e-01 -1.34742669e+01 1.42643197e+01 -1.67969347e-01 2.17680833e-01 3.96399318e-01 -4.29359339e-01
2200             -1.26212756e+01 1.38303992e+01 -1.99787848e+00 -1.28543606e+01 1.35090887e+01 -1.48784421e+00 2.33085013e-01 3.21310562e-01 -5.10034262e-01
2210             -1.17701548e+01 1.09227772e+01 -5.14910446e+00 -1.20272156e+01 1.07113572e+01 -4.59060291e+00 2.57060759e-01 2.11420017e-01 -5.58501548e-01
2220             -1.13647457e+01 7.32177023e+00 -7.30776900e+00 -1.16471843e+01 7.23323340e+00 -6.74879196e+00 2.82438582e-01 8.85368381e-02 -5.58977046e-01
2230             -1.10580096e+01 4.07312053e+00 -9.00676559e+00 -1.13618239e+01 4.06922534e+00 -8.49371919e+00 3.03814344e-01 3.89519654e-03 -5.13046398e-01
2240             -1.06422771e+01 1.16351720e+00 -8.97286106e+00 -1.09635590e+01 1.17127280e+00 -8.56677337e+00 3.21281932e-01 -7.75559636e-03 -4.06087685e-01
2250             -1.02041965e+01 -2.43930285e+00 -6.67139511e+00 -1.05452746e+01 -2.48396360e+00 -6.38544896e+00 3.41078136e-01 4.46607535e-02 -2.85946151e-01
2260             -9.84261194e+00 -4.67645975e+00 -4.58874907e+00 -1.01986722e+01 -4.82130489e+00 -4.38818201e+00 3.56060235e-01 1.44845138e-01 -2.00567063e-01
2270             -9.67939845e+00 -4.85818788e+00 -3.86673198e+00 -1.00424113e+01 -5.11942427e+00 -3.71383170e+00 3.63012819e-01 2.61236392e-01 -1.52900275e-01
2280             -9.75995140e+00 -2.01855296e+00 -1.50446873e+00 -1.01296609e+01 -2.38401370e+00 -1.37100369e+00 3.69709479e-01 3.65460736e-01 -1.33465034e-01
2290             -9.95180336e+00 -6.72108701e-01 -9.51313208e-01 -1.03274706e+01 -1.11664114e+00 -8.20965230e-01 3.75667219e-01 4.44532442e-01 -1.30347978e-01
2300             -1.03913317e+01 1.00540148e+00 -5.22219427e-01 -1.07680996e+01 5.04980750e-01 -3.91609110e-01 3.76767900e-01 5.00420735e-01 -1.30610318e-01
2310             -1.10250695e+01 2.58477436e+00 2.34410160e-01 -1.13963807e+01 2.05322938e+00 3.76721463e-01 3.71311255e-01 5.31544978e-01 -1.42311303e-01
2320             -1.21742221e+01 3.85087349e+00 7.80402300e-01 -1.25343312e+01 3.32073515e+00 9.50583966e-01 3.60109039e-01 5.30138345e-01 -1.70181666e-01
2330             -1.29063197e+01 3.71606664e+00 -7.83717851e-01 -1.32559149e+01 3.19153429e+00 -5.59597228e-01 3.49595207e-01 5.24532353e-01 -2.24120623e-01
2340             -1.33427144e+01 4.38297713e+00 -2.60653579e+00 -1.36811988e+01 3.87204385e+00 -2.32149646e+00 3.38484409e-01 5.10933282e-01 -2.85039327e-01
2350             -1.36367451e+01 3.57271823e+00 -3.45218789e+00 -1.39543451e+01 3.08230319e+00 -3.10251395e+00 3.17599965e-01 4.90415049e-01 -3.49673939e-01
2360             -1.31126173e+01 3.02431659e+00 -2.96842862e+00 -1.34072856e+01 2.57413527e+00 -2.55850094e+00 2.94668343e-01 4.50181314e-01 -4.09927677e-01
2370             -1.21938522e+01 4.03777482e+00 -5.56530820e-02 -1.24698974e+01 3.63739473e+00 3.95084781e-01 2.76045256e-01 4.00380087e-01 -4.50737863e-01
2380             -1.09551858e+01 6.34589649e+00 2.68674623e+00 -1.12168262e+01 5.98272451e+00 3.16021854e+00 2.61640452e-01 3.63171982e-01 -4.73472315e-01
2390             -1.02836562e+01 1.13656517e+01 2.36865086e+00 -1.05350558e+01 1.10223004e+01 2.85027187e+00 2.51399620e-01 3.43351238e-01 -4.81621013e-01
2400             -9.97749338e+00 1.75156504e+01 -1.31746940e+00 -1.02240395e+01 1.71992428e+01 -8.44430700e-01 2.46546157e-01 3.16407532e-01 -4.73038696e-01
2410             -1.04437423e+01 2.04674842e+01 -6.42117415e+00 -1.06899163e+01 2.01978844e+01 -5.97291535e+00 2.46174057e-01 2.69599863e-01 -4.48258800e-01
2420             -1.09707612e+01 1.80640572e+01 -1.05684562e+01 -1.12197610e+01 1.78602740e+01 -1.01513094e+01 2.48999776e-01 2.03783147e-01 -4.17146809e-01
2430             -1.11016445e+01 1.26863094e+01 -1.22861769e+01 -1.13522053e+01 1.25747828e+01 -1.18988993e+01 2.50560791e-01 1.11526546e-01 -3.87277539e-01
2440             -1.12281918e+01 6.45196972e+00 -1.40919072e+01 -1.14806277e+01 6.46638310e+00 -1.37177696e+01 2.52435835e-01 -1.44133730e-02 -3.74137578e-01
2450             -1.13546160e+01 8.45971698e-01 -1.50834829e+01 -1.16155103e+01 1.00779772e+00 -1.47199281e+01 2.60894265e-01 -1.61826020e-01 -3.63554882e-01
2460             -1.19732328e+01 -3.65162999e+00 -1.41682929e+01 -1.22523862e+01 -3.34337474e+00 -1.38357335e+01 2.79153408e-01 -3.08255244e-01 -3.32559348e-01
2470             -1.33302795e+01 -5.12459305e+00 -1.01183156e+01 -1.36373672e+01 -4.73993578e+00 -9.85064393e+00 3.07087711e-01 -3.84657273e-01 -2.67671646e-01
2480             -1.37228951e+01 -5.02393666e+00 -4.98272029e+00 -1.40528843e+01 -4.66336719e+00 -4.79742462e+00 3.29989212e-01 -3.60569474e-01 -1.85295660e-01
2490             -1.30582161e+01 -4.82745313e+00 -2.04096919e-01 -1.34040163e+01 -4.54986342e+00 -9.31359347e-02 3.45800141e-01 -2.77589711e-01 -1.10960984e-01
2500             -1.25707171e+01 -3.54213496e+00 2.54748002e+00 -1.29254594e+01 -3.35546329e+00 2.59099409e+00 3.54742311e-01 -1.86671675e-01 -4.35140694e-02
2510             -1.21274071e+01 -1.77382250e+00 4.84462125e+00 -1.24841461e+01 -1.69486135e+00 4.84093092e+00 3.56739015e-01 -7.89611541e-02 3.69033102e-03
2520             -1.19132875e+01 1.59820983e-01 4.91637123e+00 -1.22715646e+01 1.20600803e-01 4.87961599e+00 3.58277015e-01 3.92201801e-02 3.67552450e-02
2530             -1.14768298e+01 3.39779945e+00 3.93783981e+00 -1.18383606e+01 3.23833795e+00 3.87774057e+00 3.61530807e-01 1.59461498e-01 6.00992382e-02
2540             -1.08017499e+01 7.22822154e+00 3.41605014e+00 -1.11664869e+01 6.96960788e+00 3.35650626e+00 3.64736982e-01 2.58613662e-01 5.95438713e-02
2550             -1.01603218e+01 1.09457952e+01 1.98431439e+00 -1.05239303e+01 1.06027477e+01 1.94997940e+00 3.63608546e-01 3.43047565e-01 3.43349899e-02
2560             -1.01723353e+01 1.42135672e+01 1.53057828e+00 -1.05226448e+01 1.37956270e+01 1.53852411e+00 3.50309513e-01 4.17940229e-01 -7.94582431e-03
2570             -1.00542328e+01 1.28696903e+01 -4.81727217e-01 -1.03847965e+01 1.23985235e+01 -4.15367573e-01 3.30563642e-01 4.71166784e-01 -6.63596437e-02
2580             -1.01100955e+01 9.43348573e+00 -3.37734900e+00 -1.04279836e+01 8.92453093e+00 -3.25083954e+00 3.17888093e-01 5.08954807e-01 -1.26509459e-01
2590             -1.01657412e+01 7.47443967e+00 -6.04415859e+00 -1.04791337e+01 6.93597642e+00 -5.85585788e+00 3.13392535e-01 5.38463253e-01 -1.88300706e-01
2600             -1.07901441e+01 3.93076609e+00 -5.70016489e+00 -1.11001867e+01 3.36001164e+00 -5.43676945e+00 3.10042640e-01 5.70754454e-01 -2.63395432e-01
2610             -1.19354591e+01 3.40205654e+00 -3.73790547e+00 -1.22347194e+01 2.79664565e+00 -3.37735265e+00 2.99260223e-01 6.05410896e-01 -3.60552823e-01
2620             -1.21793607e+01 3.97023993e+00 -2.02602251e+00 -1.24550696e+01 3.33945000e+00 -1.57791631e+00 2.75708900e-01 6.30789924e-01 -4.48106203e-01
2630             -1.20825564e+01 4.78228000e+00 -8.18618743e-01 -1.23263060e+01 4.15996085e+00 -2.86419895e-01 2.43749581e-01 6.22319143e-01 -5.32198848e-01
2640             -1.22535708e+01 6.13893250e+00 -9.02491085e-01 -1.24748207e+01 5.55779661e+00 -3.21463093e-01 2.21249835e-01 5.81135892e-01 -5.81027992e-01
2650             -1.22973565e+01 8.02671731e+00 -9.97625342e-01 -1.25096850e+01 7.48117771e+00 -4.33302070e-01 2.12328571e-01 5.45539598e-01 -5.64323272e-01
2660             -1.21959350e+01 1.16223365e+01 -1.14315801e+00 -1.24096843e+01 1.11082923e+01 -6.23670940e-01 2.13749213e-01 5.14044162e-01 -5.19487073e-01
2670             -1.15643382e+01 1.44077821e+01 -2.10607100e+00 -1.17817528e+01 1.39388820e+01 -1.64727492e+00 2.17414590e-01 4.68900023e-01 -4.58796078e-01
2680             -1.14997259e+01 1.52048018e+01 -5.11829027e+00 -1.17171175e+01 1.47923091e+01 -4.73605388e+00 2.17391570e-01 4.12492724e-01 -3.82236390e-01
2690             -1.18376919e+01 1.34823569e+01 -8.24467566e+00 -1.20473592e+01 1.31414441e+01 -7.95077541e+00 2.09667363e-01 3.40912857e-01 -2.93900256e-01
2700             -1.16962811e+01 1.01779754e+01 -8.89216276e+00 -1.19004911e+01 9.90558783e+00 -8.69430625e+00 2.04210000e-01 2.72387611e-01 -1.97856512e-01
2710             -1.07352235e+01 7.86622740e+00 -9.18297575e+00 -1.09491398e+01 7.63700760e+00 -9.06931305e+00 2.13916315e-01 2.29219797e-01 -1.13662699e-01
2720             -1.01439766e+01 5.78710663e+00 -7.11974520e+00 -1.03771799e+01 5.58854042e+00 -7.06213432e+00 2.33203341e-01 1.98566214e-01 -5.76108778e-02
2730             -1.07128205e+01 3.70985118e+00 -4.94171259e+00 -1.09709666e+01 3.54768804e+00 -4.90847421e+00 2.58146116e-01 1.62163140e-01 -3.32383812e-02
2740             -1.21696596e+01 3.16409249e+00 -4.53430381e+00 -1.24594912e+01 3.04655693e+00 -4.48724438e+00 2.89831567e-01 1.17535560e-01 -4.70594285e-02
2750             -1.33680518e+01 2.66385467e+00 -3.78654930e+00 -1.36954201e+01 2.57292747e+00 -3.69591289e+00 3.27368313e-01 9.09272001e-02 -9.06364086e-02
2760             -1.37751954e+01 1.30998377e+00 -9.49280321e-01 -1.41326761e+01 1.19966034e+00 -8.25555317e-01 3.57480735e-01 1.10323423e-01 -1.23725003e-01
2770             -1.33034837e+01 -6.29416489e-01 3.42464527e+00 -1.36743369e+01 -7.95735775e-01 3.57996297e+00 3.70853189e-01 1.66319286e-01 -1.55317698e-01
2780             -1.26460367e+01 2.44976522e-01 6.53724377e+00 -1.30213473e+01 6.20118661e-03 6.71323171e+00 3.75310669e-01 2.38775336e-01 -1.75987940e-01
2790             -1.22104872e+01 2.97189078e+00 7.87753997e+00 -1.25880748e+01 2.66392281e+00 8.08567845e+00 3.77587671e-01 3.07967969e-01 -2.08138483e-01
2800             -1.17798436e+01 6.38960294e+00 7.06012360e+00 -1.21580152e+01 6.02388439e+00 7.30862995e+00 3.78171653e-01 3.65718547e-01 -2.48506344e-01
2810             -1.12282419e+01 1.04066953e+01 6.01184279e+00 -1.16020206e+01 9.98684546e+00 6.29717449e+00 3.73778714e-01 4.19849837e-01 -2.85331704e-01
2820             -1.08956952e+01 1.45605548e+01 4.34026271e+00 -1.12600732e+01 1.41031014e+01 4.66173334e+00 3.64378046e-01 4.57453418e-01 -3.21470638e-01
2830             -1.05834324e+01 1.60936752e+01 1.16576510e+00 -1.09378738e+01 1.56277174e+01 1.50923904e+00 3.54441399e-01 4.65957809e-01 -3.43473945e-01
2840             -9.66395956e+00 1.42369083e+01 -3.77319498e+00 -1.00087848e+01 1.37774394e+01 -3.41962991e+00 3.44825239e-01 4.59468922e-01 -3.53565067e-01
2850             -8.88128658e+00 1.13043141e+01 -5.56762963e+00 -9.21655452e+00 1.08597589e+01 -5.21040526e+00 3.35267932e-01 4.44555213e-01 -3.57224370e-01
2860             -8.31616908e+00 9.09566436e+00 -7.42721448e+00 -8.63880880e+00 8.67443002e+00 -7.06280630e+00 3.22639718e-01 4.21234348e-01 -3.64408181e-01
2870             -8.59085010e+00 7.45320272e+00 -9.86704871e+00 -8.90170923e+00 7.05416550e+00 -9.48499566e+00 3.10859132e-01 3.99037214e-01 -3.82053058e-01
2880             -9.25678917e+00 5.22749743e+00 -1.07486279e+01 -9.56049869e+00 4.86097466e+00 -1.03142785e+01 3.03709520e-01 3.66522775e-01 -4.34349436e-01
2890             -1.03372566e+01 1.97492936e+00 -9.35003688e+00 -1.06328214e+01 1.64377760e+00 -8.83313750e+00 2.95564787e-01 3.31151763e-01 -5.16899374e-01
2900             -1.15452372e+01 -1.73588839e-02 -6.13116528e+00 -1.18271137e+01 -3.18551088e-01 -5.53685116e+00 2.81876455e-01 3.01192204e-01 -5.94314127e-01
2910             -1.23219027e+01 6.17383112e-01 -3.51640595e+00 -1.25906351e+01 3.65088418e-01 -2.86922438e+00 2.68732378e-01 2.52294694e-01 -6.47181567e-01
2920             -1.32118265e+01 2.18862958e+00 -4.68228388e+00 -1.34738479e+01 2.01387553e+00 -4.00972393e+00 2.62021322e-01 1.74754053e-01 -6.72559950e-01
2930             -1.43795760e+01 2.84523004e+00 -6.77191467e+00 -1.46454135e+01 2.75798704e+00 -6.13174530e+00 2.65837515e-01 8.72430009e-02 -6.40169372e-01
2940             -1.48682299e+01 3.26789385e+00 -8.38387774e+00 -1.51411531e+01 3.25298815e+00 -7.85233819e+00 2.72923245e-01 1.49056950e-02 -5.31539551e-01
2950             -1.42715780e+01 4.20480528e+00 -8.28629859e+00 -1.45586499e+01 4.23444661e+00 -7.91091477e+00 2.87071872e-01 -2.96413276e-02 -3.75383818e-01
2960             -1.36479925e+01 4.28172224e+00 -6.67344386e+00 -1.39489174e+01 4.32190404e+00 -6.45596165e+00 3.00924898e-01 -4.01818033e-02 -2.17482215e-01
2970             -1.31625849e+01 4.85442575e+00 -5.53184471e+00 -1.34668847e+01 4.87284288e+00 -5.46320596e+00 3.04299778e-01 -1.84171229e-02 -6.86387517e-02
2980             -1.25378019e+01 5.80612930e+00 -4.69138956e+00 -1.28429666e+01 5.76697444e+00 -4.74361586e+00 3.05164713e-01 3.91548633e-02 5.22262953e-02
2990             -1.18380290e+01 5.90123002e+00 -4.55863359e+00 -1.21465234e+01 5.77877145e+00 -4.69348322e+00 3.08494443e-01 1.22458562e-01 1.34849630e-01
3000             -1.13830827e+01 4.97665888e+00 -4.17932998e+00 -1.16971528e+01 4.75536372e+00 -4.33091078e+00 3.14070125e-01 2.21295154e-01 1.51580808e-01
3010             -1.12142993e+01 3.02327224e+00 -3.54580860e+00 -1.15282257e+01 2.70862943e+00 -3.62961847e+00 3.13926349e-01 3.14642810e-01 8.38098737e-02
3020             -1.09517255e+01 5.41822464e-01 -5.40794078e-01 -1.12587009e+01 1.79894503e-01 -5.11018456e-01 3.06975394e-01 3.61927961e-01 -2.97756221e-02
3030             -1.05236334e+01 2.36520675e-01 1.77019159e+00 -1.08208530e+01 -1.12610434e-01 1.94106207e+00 2.97219572e-01 3.49131109e-01 -1.70870477e-01
3040             -1.05918800e+01 2.39506312e+00 1.89273001e+00 -1.08770233e+01 2.09396023e+00 2.20029325e+00 2.85143293e-01 3.01102890e-01 -3.07563239e-01
3050             -1.03100550e+01 3.81786575e+00 2.07897970e+00 -1.05856990e+01 3.57383124e+00 2.50291199e+00 2.75644045e-01 2.44034504e-01 -4.23932294e-01
3060             -1.03456972e+01 4.97081516e+00 2.59337168e+00 -1.06215831e+01 4.75189207e+00 3.09164875e+00 2.75885861e-01 2.18923081e-01 -4.98277068e-01
3070             -1.09481136e+01 5.70468249e+00 2.77098358e+00 -1.12365569e+01 5.46022845e+00 3.27452546e+00 2.88443278e-01 2.44454041e-01 -5.03541889e-01
3080             -1.09634738e+01 6.95062679e+00 2.88885723e+00 -1.12692527e+01 6.65513614e+00 3.36327387e+00 3.05778841e-01 2.95490655e-01 -4.74416644e-01
3090             -1.01007260e+01 8.92381474e+00 1.17401354e+00 -1.04234603e+01 8.59312756e+00 1.59663940e+00 3.22734278e-01 3.30687171e-01 -4.22625856e-01
3100             -9.29262175e+00 9.06115021e+00 3.95267397e-01 -9.62485180e+00 8.69500721e+00 7.37866376e-01 3.32230052e-01 3.66143004e-01 -3.42598979e-01
3110             -8.94934368e+00 8.81642478e+00 -8.42020709e-01 -9.28522929e+00 8.41739267e+00 -6.06245199e-01 3.35885606e-01 3.99032108e-01 -2.35775510e-01
3120             -8.55251396e+00 8.73667857e+00 -1.55503436e+00 -8.88975736e+00 8.29469499e+00 -1.43972555e+00 3.37243396e-01 4.41983575e-01 -1.15308811e-01
3130             -8.44963991e+00 8.60191693e+00 -8.44636643e-01 -8.78289188e+00 8.10611518e+00 -8.18743604e-01 3.33251964e-01 4.95801752e-01 -2.58930387e-02
3140             -8.95716974e+00 7.65952455e+00 -1.94176382e-01 -9.27692518e+00 7.11067515e+00 -2.05045873e-01 3.19755441e-01 5.48849405e-01 1.08694908e-02
3150             -9.26132787e+00 4.00951387e+00 -8.00239557e-01 -9.56535474e+00 3.42912064e+00 -8.02872923e-01 3.04026876e-01 5.80393229e-01 2.63336643e-03
3160             -1.01489065e+01 1.38878766e+00 -6.66449585e-01 -1.04391195e+01 8.12983912e-01 -6.25485680e-01 2.90213030e-01 5.75803744e-01 -4.09639042e-02
3170             -1.08745902e+01 -1.72434282e+00 -4.06333718e-01 -1.11537626e+01 -2.24849535e+00 -2.88697344e-01 2.79172382e-01 5.24152532e-01 -1.17636374e-01
3180             -1.11669662e+01 -3.50111793e+00 1.81917919e+00 -1.14358564e+01 -3.93014051e+00 2.04744127e+00 2.68890259e-01 4.29022583e-01 -2.28262085e-01
3190             -1.11463705e+01 -3.58506864e+00 4.66364298e+00 -1.14107072e+01 -3.90324308e+00 5.01602413e+00 2.64336673e-01 3.18174447e-01 -3.52381147e-01
3200             -1.20068213e+01 -1.49198220e+00 5.96987683e+00 -1.22736368e+01 -1.70659052e+00 6.42609835e+00 2.66815516e-01 2.14608324e-01 -4.56221519e-01
3210             -1.32914285e+01 1.55882692e+00 6.26533396e+00 -1.35656091e+01 1.42478173e+00 6.75493620e+00 2.74180584e-01 1.34045188e-01 -4.89602243e-01
3220             -1.36332448e+01 5.55840497e+00 6.03046593e+00 -1.39161846e+01 5.46355057e+00 6.46664687e+00 2.82939782e-01 9.48543952e-02 -4.36180942e-01
3230             -1.38801669e+01 6.31317346e+00 4.08232732e+00 -1.41744061e+01 6.22921956e+00 4.40764333e+00 2.94239126e-01 8.39539052e-02 -3.25316011e-01
3240             -1.42325867e+01 7.17017440e+00 1.05540201e+00 -1.45446979e+01 7.05911472e+00 1.26314514e+00 3.12111192e-01 1.11059674e-01 -2.07743129e-01
3250             -1.44012000e+01 7.86357198e+00 -3.36158563e+00 -1.47306024e+01 7.69719981e+00 -3.25247228e+00 3.29402349e-01 1.66372163e-01 -1.09113347e-01
3260             -1.35744329e+01 7.91950213e+00 -6.81631164e+00 -1.39094814e+01 7.68668456e+00 -6.77575861e+00 3.35048498e-01 2.32817573e-01 -4.05530299e-02
3270             -1.20110952e+01 1.02531763e+01 -8.44005744e+00 -1.23371099e+01 9.97100142e+00 -8.44361225e+00 3.26014724e-01 2.82174875e-01 3.55480387e-03
3280             -1.09704662e+01 1.11393686e+01 -1.04071892e+01 -1.12820235e+01 1.08291441e+01 -1.04255542e+01 3.11557307e-01 3.10224494e-01 1.83650317e-02
3290             -1.06374694e+01 1.04320148e+01 -9.80012296e+00 -1.09371824e+01 1.01018217e+01 -9.78608879e+00 2.99712981e-01 3.30193138e-01 -1.40341720e-02
3300             -1.07580351e+01 8.79958439e+00 -8.99679364e+00 -1.10460660e+01 8.44270374e+00 -8.91077724e+00 2.88030926e-01 3.56880643e-01 -8.60163972e-02
3310             -1.14831922e+01 5.24503921e+00 -6.27732371e+00 -1.17633536e+01 4.87668398e+00 -6.10339249e+00 2.80161475e-01 3.68355230e-01 -1.73931219e-01
3320             -1.17279837e+01 2.91570756e+00 -5.50203714e+00 -1.20065141e+01 2.58511183e+00 -5.23764323e+00 2.78530441e-01 3.30595736e-01 -2.64393916e-01
3330             -1.20263140e+01 2.71033340e+00 -5.81158525e+00 -1.23072348e+01 2.46696731e+00 -5.47808190e+00 2.80920768e-01 2.43366089e-01 -3.33503351e-01
3340             -1.32781381e+01 3.28975397e+00 -7.28593823e+00 -1.35591178e+01 3.15070200e+00 -6.92052188e+00 2.80979684e-01 1.39051967e-01 -3.65416354e-01
3350             -1.39456632e+01 3.44105775e+00 -9.79383844e+00 -1.42196353e+01 3.40755585e+00 -9.42641466e+00 2.73972065e-01 3.35019010e-02 -3.67423786e-01
3360             -1.39891156e+01 2.03558153e+00 -1.00903590e+01 -1.42606823e+01 2.05566749e+00 -9.76448789e+00 2.71566739e-01 -2.00859634e-02 -3.25871146e-01
3370             -1.33799819e+01 7.63433003e-01 -8.97198595e+00 -1.36592807e+01 7.51253865e-01 -8.73087568e+00 2.79298738e-01 1.21791388e-02 -2.41110274e-01
3380             -1.24987673e+01 1.80300438e-02 -7.16121050e+00 -1.28000211e+01 -1.02809793e-01 -7.02948862e+00 3.01253799e-01 1.20839837e-01 -1.31721879e-01
3390             -1.14143305e+01 1.48559791e+00 -6.66436278e+00 -1.17313229e+01 1.19759316e+00 -6.62990292e+00 3.16992317e-01 2.88004749e-01 -3.44598597e-02
3400             -1.06494493e+01 2.12918201e+00 -7.24767124e+00 -1.09655408e+01 1.65990478e+00 -7.27974223e+00 3.16091560e-01 4.69277224e-01 3.20709984e-02
3410             -1.03293022e+01 1.54523978e+00 -6.87002673e+00 -1.06300078e+01 9.37308562e-01 -6.92121719e+00 3.00705592e-01 6.07931220e-01 5.11904622e-02
3420             -9.89867992e+00 1.10267593e+00 -6.15924162e+00 -1.01702454e+01 4.24597538e-01 -6.18021645e+00 2.71565520e-01 6.78078394e-01 2.09748282e-02
3430             -1.02051661e+01 8.45630241e-01 -4.60324964e+00 -1.04500663e+01 1.45986297e-01 -4.55549594e+00 2.44900223e-01 6.99643945e-01 -4.77536934e-02
3440             -1.02909812e+01 5.95820576e-01 -1.79621716e+00 -1.05089167e+01 -8.46250585e-02 -1.67217769e+00 2.17935495e-01 6.80445635e-01 -1.24039477e-01
3450             -9.69939743e+00 2.03706481e+00 2.35690426e+00 -9.88792723e+00 1.41178969e+00 2.53664372e+00 1.88529800e-01 6.25275117e-01 -1.79739454e-01
3460             -9.00748756e+00 3.50411673e+00 5.76394415e+00 -9.16365613e+00 2.95341030e+00 5.98694149e+00 1.56168561e-01 5.50706431e-01 -2.22997338e-01
3470             -8.25178431e+00 5.76830004e+00 7.45621544e+00 -8.37549812e+00 5.31198015e+00 7.72621127e+00 1.23713808e-01 4.56319893e-01 -2.69995839e-01
3480             -7.97469063e+00 1.05846443e+01 7.17479190e+00 -8.07233036e+00 1.02328980e+01 7.48890464e+00 9.76397280e-02 3.51746291e-01 -3.14112739e-01
3490             -9.06230934e+00 1.45110665e+01 6.40656542e+00 -9.14833719e+00 1.42548187e+01 6.75227881e+00 8.60278454e-02 2.56247839e-01 -3.45713389e-01
3500             -1.11870001e+01 1.55607157e+01 4.75675858e+00 -1.12775834e+01 1.53852248e+01 5.12671575e+00 9.05832510e-02 1.75490847e-01 -3.69957175e-01
3510             -1.23542890e+01 1.43316824e+01 -1.92634148e-01 -1.24564539e+01 1.42337459e+01 2.10649894e-01 1.02164967e-01 9.79364194e-02 -4.03284042e-01
3520             -1.27087025e+01 1.38545551e+01 -7.24445495e+00 -1.28261017e+01 1.38119166e+01 -6.81588110e+00 1.17399229e-01 4.26385162e-02 -4.28573848e-01
3530             -1.30213098e+01 1.43691525e+01 -1.19547263e+01 -1.31591008e+01 1.43296171e+01 -1.15183605e+01 1.37790924e-01 3.95353789e-02 -4.36365823e-01
3540             -1.26164954e+01 1.30378261e+01 -1.24390517e+01 -1.27800401e+01 1.29519684e+01 -1.20152974e+01 1.63544709e-01 8.58577175e-02 -4.23754296e-01
3550             -1.16213302e+01 1.11579214e+01 -1.12495773e+01 -1.18048038e+01 1.09933336e+01 -1.08564483e+01 1.83473660e-01 1.64587795e-01 -3.93129006e-01
3560             -1.09896559e+01 9.03694747e+00 -8.68100658e+00 -1.11855602e+01 8.77376876e+00 -8.31014088e+00 1.95904277e-01 2.63178708e-01 -3.70865700e-01
3570             -1.05690691e+01 9.77006917e+00 -7.44218955e+00 -1.07822044e+01 9.41289173e+00 -7.06070813e+00 2.13135279e-01 3.57177438e-01 -3.81481427e-01
3580             -1.06096795e+01 1.10302235e+01 -7.47274854e+00 -1.08383487e+01 1.06258288e+01 -7.03858874e+00 2.28669263e-01 4.04394703e-01 -4.34159801e-01
3590             -1.09846884e+01 1.10963062e+01 -8.44660303e+00 -1.12137881e+01 1.06766865e+01 -7.94998993e+00 2.29099726e-01 4.19619637e-01 -4.96613097e-01
3600             -1.02267651e+01 7.62968597e+00 -9.47053337e+00 -1.04473147e+01 7.22610324e+00 -8.92877642e+00 2.20549605e-01 4.03582725e-01 -5.41756951e-01
3610             -9.81618520e+00 3.77516193e+00 -7.61834914e+00 -1.00262587e+01 3.43306073e+00 -7.03713021e+00 2.10073512e-01 3.42101196e-01 -5.81218928e-01
3620             -1.07620879e+01 3.78550894e+00 -5.27116146e+00 -1.09578526e+01 3.53795097e+00 -4.64204099e+00 1.95764717e-01 2.47557963e-01 -6.29120471e-01
3630             -1.19519764e+01 6.32021185e+00 -4.98090004e+00 -1.21387009e+01 6.16246779e+00 -4.33020560e+00 1.86724551e-01 1.57744060e-01 -6.50694441e-01
3640             -1.26265290e+01 8.74055004e+00 -6.04140648e+00 -1.28098606e+01 8.65643599e+00 -5.43500724e+00 1.83331656e-01 8.41140495e-02 -6.06399240e-01
3650             -1.25494534e+01 9.09922323e+00 -7.82149914e+00 -1.27395779e+01 9.06833156e+00 -7.31718448e+00 1.90124494e-01 3.08916701e-02 -5.04314655e-01
3660             -1.18573571e+01 7.54843017e+00 -9.03719109e+00 -1.20631914e+01 7.54229386e+00 -8.66116982e+00 2.05834340e-01 6.13630923e-03 -3.76021277e-01
3670             -1.10170377e+01 5.27608017e+00 -1.09553216e+01 -1.12492472e+01 5.24542654e+00 -1.07018380e+01 2.32209476e-01 3.06536313e-02 -2.53483628e-01
3680             -1.05677081e+01 1.48625904e+00 -1.01216483e+01 -1.08309251e+01 1.39115391e+00 -9.98366768e+00 2.63216936e-01 9.51051247e-02 -1.37980600e-01
3690             -1.05527209e+01 1.54303140e+00 -8.08260239e+00 -1.08397725e+01 1.33719019e+00 -8.04136269e+00 2.87051625e-01 2.05841210e-01 -4.12397067e-02
3700             -1.02454980e+01 3.29084266e+00 -7.76328429e+00 -1.05397414e+01 2.94329924e+00 -7.77840799e+00 2.94243408e-01 3.47543417e-01 1.51237060e-02
3710             -9.71824946e+00 1.72658857e+00 -7.91402646e+00 -1.00058982e+01 1.26553136e+00 -7.93055308e+00 2.87648748e-01 4.61057209e-01 1.65266204e-02
3720             -9.56531879e+00 1.02888097e+00 -5.89404816e+00 -9.83830994e+00 5.07331125e-01 -5.86081592e+00 2.72991146e-01 5.21549849e-01 -3.32322393e-02
3730             -9.66746637e+00 2.98707320e+00 -3.73249163e+00 -9.92232532e+00 2.45235304e+00 -3.61355369e+00 2.54858950e-01 5.34720159e-01 -1.18937944e-01
3740             -9.83590951e+00 4.93431515e+00 -2.26976554e+00 -1.00765653e+01 4.40514523e+00 -2.05402686e+00 2.40655753e-01 5.29169923e-01 -2.15738674e-01
3750             -1.01225659e+01 6.35319238e+00 -2.21190452e+00 -1.03520411e+01 5.84645583e+00 -1.90214322e+00 2.29475192e-01 5.06736553e-01 -3.09761300e-01
3760             -1.03676411e+01 6.98494771e+00 -2.78440117e+00 -1.05889153e+01 6.52749703e+00 -2.38474936e+00 2.21274209e-01 4.57450687e-01 -3.99651813e-01
3770             -1.05921329e+01 7.86198946e+00 -2.50681527e+00 -1.08061434e+01 7.48595901e+00 -2.02272609e+00 2.14010416e-01 3.76030450e-01 -4.84089183e-01
3780             -1.09436985e+01 7.48706105e+00 -4.16369337e+00 -1.11474646e+01 7.22492125e+00 -3.60362265e+00 2.03766117e-01 2.62139803e-01 -5.60070720e-01
3790             -1.16210701e+01 5.50268607e+00 -5.05128609e+00 -1.18133162e+01 5.35261596e+00 -4.46101933e+00 1.92246083e-01 1.50070105e-01 -5.90266764e-01
3800             -1.21790527e+01 4.04666648e+00 -5.42485212e+00 -1.23648210e+01 3.99134698e+00 -4.85407927e+00 1.85768242e-01 5.53194977e-02 -5.70772849e-01
3810             -1.27433187e+01 3.08141042e+00 -5.81338529e+00 -1.29300749e+01 3.09024218e+00 -5.30143735e+00 1.86756273e-01 -8.83176252e-03 -5.11947942e-01
3820             -1.28597742e+01 1.47248130e+00 -4.80729704e+00 -1.30577573e+01 1.51107699e+00 -4.37375473e+00 1.97983116e-01 -3.85956872e-02 -4.33542308e-01
3830             -1.23352919e+01 1.21755134e+00 -3.61812310e+00 -1.25523446e+01 1.25353038e+00 -3.27031981e+00 2.17052663e-01 -3.59790431e-02 -3.47803293e-01
3840             -1.17268627e+01 2.15219494e+00 -3.33826642e+00 -1.19579110e+01 2.15914127e+00 -3.07760031e+00 2.31048348e-01 -6.94633649e-03 -2.60666111e-01
3850             -1.14368098e+01 3.83248392e+00 -3.66741045e+00 -1.16726305e+01 3.79874978e+00 -3.47800584e+00 2.35820712e-01 3.37341451e-02 -1.89404611e-01
3860             -1.09440490e+01 6.52562744e+00 -5.32061327e+00 -1.11782492e+01 6.45898184e+00 -5.16669867e+00 2.34200256e-01 6.66455953e-02 -1.53914607e-01
3870             -1.00156733e+01 7.57649526e+00 -8.25707413e+00 -1.02456638e+01 7.47914817e+00 -8.11035534e+00 2.29990526e-01 9.73470928e-02 -1.46718791e-01
3880             -9.32410922e+00 8.30782259e+00 -8.77517721e+00 -9.54710867e+00 8.18671407e+00 -8.60668667e+00 2.22999456e-01 1.21108519e-01 -1.68490536e-01
3890             -9.00521022e+00 8.08830883e+00 -8.96756955e+00 -9.22437031e+00 7.96573837e+00 -8.76376684e+00 2.19160093e-01 1.22570454e-01 -2.03802708e-01
3900             -8.92087919e+00 6.80923196e+00 -8.53130408e+00 -9.14111468e+00 6.70903564e+00 -8.28975333e+00 2.20235486e-01 1.00196317e-01 -2.41550751e-01
3910             -9.44473259e+00 7.51570223e+00 -8.85446514e+00 -9.67212113e+00 7.47144960e+00 -8.56396454e+00 2.27388540e-01 4.42526320e-02 -2.90500597e-01
3920             -1.04840859e+01 8.49132041e+00 -1.08561883e+01 -1.07244772e+01 8.54725673e+00 -1.05214284e+01 2.40391280e-01 -5.59363219e-02 -3.34759905e-01
3930             -1.16913744e+01 6.38534766e+00 -1.10763933e+01 -1.19472529e+01 6.57403009e+00 -1.07206781e+01 2.55878446e-01 -1.88682436e-01 -3.55715175e-01
3940             -1.19534486e+01 4.26020422e+00 -1.19615899e+01 -1.22274456e+01 4.55261105e+00 -1.16435606e+01 2.73997064e-01 -2.92406826e-01 -3.18029301e-01
3950             -1.21941687e+01 5.52514930e-01 -1.06692980e+01 -1.24825236e+01 8.59028139e-01 -1.04531252e+01 2.88354867e-01 -3.06513209e-01 -2.16172739e-01
3960             -1.22327475e+01 -2.70439148e+00 -9.29887741e+00 -1.25342361e+01 -2.46830111e+00 -9.21495843e+00 3.01488516e-01 -2.36090367e-01 -8.39189791e-02
3970             -1.17112007e+01 -4.78220859e+00 -7.97166107e+00 -1.20192733e+01 -4.67296804e+00 -8.01240741e+00 3.08072623e-01 -1.09240551e-01 4.07463398e-02
3980             -1.12247524e+01 -5.63373516e+00 -5.92196714e+00 -1.15301851e+01 -5.70760059e+00 -6.09127924e+00 3.05432763e-01 7.38654218e-02 1.69312100e-01
3990             -1.10572658e+01 -6.41356489e+00 -3.86697341e+00 -1.13583111e+01 -6.70367330e+00 -4.16145006e+00 3.01045239e-01 2.90108415e-01 2.94476649e-01
4000             -1.05328275e+01 -5.78477876e+00 -1.87188515e+00 -1.08309405e+01 -6.25539551e+00 -2.24577034e+00 2.98113015e-01 4.70616758e-01 3.73885187e-01
4010             -1.00198998e+01 -4.61406475e+00 -7.41272501e-01 -1.03152181e+01 -5.19864208e+00 -1.14366623e+00 2.95318293e-01 5.84577329e-01 4.02393734e-01
4020             -9.23397825e+00 -3.51535273e+00 1.38275682e+00 -9.52274074e+00 -4.14324896e+00 9.87156305e-01 2.88762485e-01 6.27896228e-01 3.95600513e-01
4030             -9.21325301e+00 -8.36369056e-01 5.23232997e+00 -9.49371629e+00 -1.47418774e+00 4.86758266e+00 2.80463278e-01 6.37818684e-01 3.64747317e-01
4040             -9.39163160e+00 2.45094472e+00 7.25592313e+00 -9.66592556e+00 1.82728484e+00 6.95003921e+00 2.74293961e-01 6.23659885e-01 3.05883913e-01
4050             -9.60682559e+00 3.67497007e+00 6.76998073e+00 -9.87317498e+00 3.08223932e+00 6.53873862e+00 2.66349382e-01 5.92730748e-01 2.31242112e-01
4060             -9.40813634e+00 4.29648948e+00 8.35599249e+00 -9.65901818e+00 3.74313720e+00 8.20788656e+00 2.50881838e-01 5.53352282e-01 1.48105926e-01
4070             -8.63887196e+00 6.58581823e+00 8.66281557e+00 -8.86943703e+00 6.07925397e+00 8.61286333e+00 2.30565063e-01 5.06564266e-01 4.99522409e-02
4080             -8.86682448e+00 9.20873448e+00 7.46237768e+00 -9.07825279e+00 8.74215224e+00 7.52897521e+00 2.11428314e-01 4.66582239e-01 -6.65975347e-02
4090             -9.97204088e+00 9.64238658e+00 5.25712238e+00 -1.01683260e+01 9.20030752e+00 5.45012364e+00 1.96285103e-01 4.42079067e-01 -1.93001256e-01
4100             -1.05929122e+01 9.93584044e+00 2.89255740e+00 -1.07764205e+01 9.50399287e+00 3.21558445e+00 1.83508347e-01 4.31847572e-01 -3.23027050e-01
4110             -1.12916046e+01 1.14816447e+01 -7.19617566e-01 -1.14706737e+01 1.10493274e+01 -3.04204733e-01 1.79069030e-01 4.32317280e-01 -4.15412834e-01
4120             -1.22021947e+01 1.36906221e+01 -2.45822220e+00 -1.23869981e+01 1.32628078e+01 -2.00630907e+00 1.84803371e-01 4.27814279e-01 -4.51913129e-01
4130             -1.29170142e+01 1.41228401e+01 -2.98295294e+00 -1.31119172e+01 1.37296847e+01 -2.51394751e+00 1.94903012e-01 3.93155404e-01 -4.69005434e-01
4140             -1.25495979e+01 1.46711526e+01 -3.88494278e+00 -1.27479978e+01 1.43317042e+01 -3.40626125e+00 1.98399934e-01 3.39448411e-01 -4.78681533e-01
4150             -1.20003287e+01 1.55721433e+01 -5.47678907e+00 -1.22013140e+01 1.52857882e+01 -4.99753446e+00 2.00985332e-01 2.86355075e-01 -4.79254603e-01
4160             -1.17256880e+01 1.57516568e+01 -7.23976901e+00 -1.19343805e+01 1.54984551e+01 -6.76747933e+00 2.08692510e-01 2.53201744e-01 -4.72289683e-01
4170             -1.10028389e+01 1.70769622e+01 -8.96067512e+00 -1.12259758e+01 1.68458897e+01 -8.48742921e+00 2.23136966e-01 2.31072510e-01 -4.73245917e-01
4180             -1.04727705e+01 1.68086342e+01 -9.54588420e+00 -1.07150268e+01 1.66096103e+01 -9.07179373e+00 2.42256241e-01 1.99023905e-01 -4.74090469e-01
4190             -1.04152328e+01 1.57851250e+01 -1.11970253e+01 -1.06665214e+01 1.56009684e+01 -1.07232342e+01 2.51288617e-01 1.84156565e-01 -4.73791066e-01
4200             -1.10306597e+01 1.61743207e+01 -1.34616520e+01 -1.12764879e+01 1.59852641e+01 -1.29824551e+01 2.45828161e-01 1.89056600e-01 -4.79196910e-01
4210             -1.15710068e+01 1.60513781e+01 -1.60462498e+01 -1.18076567e+01 1.58496365e+01 -1.55606346e+01 2.36649923e-01 2.01741603e-01 -4.85615212e-01
4220             -1.20430555e+01 1.43736836e+01 -1.76549802e+01 -1.22795899e+01 1.41920139e+01 -1.71664681e+01 2.36534371e-01 1.81669764e-01 -4.88512048e-01
4230             -1.20472126e+01 1.32078093e+01 -1.77254696e+01 -1.22970207e+01 1.30993749e+01 -1.72465137e+01 2.49808027e-01 1.08434493e-01 -4.78955845e-01
4240             -1.26984252e+01 9.49534259e+00 -1.68608878e+01 -1.29677122e+01 9.48185994e+00 -1.64037202e+01 2.69286982e-01 1.34826538e-02 -4.57167525e-01
4250             -1.35885562e+01 6.12823735e+00 -1.54324238e+01 -1.38693241e+01 6.20695547e+00 -1.50047187e+01 2.80767914e-01 -7.87181215e-02 -4.27705030e-01
4260             -1.44393814e+01 2.90145377e+00 -1.44822123e+01 -1.47292137e+01 3.03562472e+00 -1.41021980e+01 2.89832305e-01 -1.34170946e-01 -3.80014336e-01
4270             -1.43669950e+01 -1.20916734e-02 -1.09764734e+01 -1.46742794e+01 1.12053437e-01 -1.06738780e+01 3.07284455e-01 -1.24145110e-01 -3.02595458e-01
4280             -1.39365357e+01 -1.82446004e+00 -5.80183481e+00 -1.42665408e+01 -1.76844518e+00 -5.61020034e+00 3.30005157e-01 -5.60148536e-02 -1.91634471e-01
4290             -1.35240985e+01 -2.22196517e+00 -2.02063537e+00 -1.38670909e+01 -2.24986241e+00 -1.91834049e+00 3.42992455e-01 2.78972373e-02 -1.02294879e-01
4300             -1.31103226e+01 -1.55849044e+00 4.33391177e-01 -1.34523965e+01 -1.63702698e+00 4.87931637e-01 3.42073838e-01 7.85365484e-02 -5.45404604e-02
4310             -1.20587623e+01 7.75091384e-01 1.66455734e+00 -1.23911977e+01 6.64155768e-01 1.69131322e+00 3.32435303e-01 1.10935615e-01 -2.67558732e-02
4320             -1.11480669e+01 5.80287961e+00 1.38570692e+00 -1.14737847e+01 5.65554121e+00 1.39712335e+00 3.25717856e-01 1.47338397e-01 -1.14164241e-02
4330             -1.07379660e+01 8.11957421e+00 -5.31993438e-01 -1.10556991e+01 7.93287508e+00 -5.23262520e-01 3.17733128e-01 1.86699131e-01 -8.73091783e-03
4340             -1.00259022e+01 1.00675534e+01 -1.15697318e+00 -1.03316395e+01 9.86297359e+00 -1.13524948e+00 3.05737269e-01 2.04579776e-01 -2.17236979e-02
4350             -8.95069816e+00 1.20423479e+01 -2.70606890e-01 -9.24348164e+00 1.18273932e+01 -2.23490424e-01 2.92783479e-01 2.14954741e-01 -4.71164654e-02
4360             -8.93283259e+00 1.23892116e+01 1.04368186e+00 -9.20839506e+00 1.21756206e+01 1.12117463e+00 2.75562471e-01 2.13591010e-01 -7.74927725e-02
4370             -9.63574677e+00 1.12886141e+01 1.41203695e+00 -9.87832914e+00 1.10820502e+01 1.54780892e+00 2.42582366e-01 2.06563860e-01 -1.35771975e-01
4380             -9.76114794e+00 1.13176301e+01 -4.41324316e-01 -9.96630547e+00 1.11290845e+01 -2.17898837e-01 2.05157530e-01 1.88545653e-01 -2.23425479e-01
4390             -1.01385478e+01 1.13287092e+01 -3.43486564e+00 -1.03152450e+01 1.11851147e+01 -3.10444126e+00 1.76697251e-01 1.43594485e-01 -3.30424381e-01
4400             -1.16986198e+01 1.10895016e+01 -5.92812143e+00 -1.18676821e+01 1.10153669e+01 -5.49817831e+00 1.69062288e-01 7.41347342e-02 -4.29943114e-01
4410             -1.36337030e+01 1.11252803e+01 -8.22240216e+00 -1.38165441e+01 1.11476310e+01 -7.73136958e+00 1.82841150e-01 -2.23506903e-02 -4.91032581e-01
4420             -1.53199972e+01 1.11895270e+01 -9.25593252e+00 -1.55273876e+01 1.12844460e+01 -8.73870142e+00 2.07390356e-01 -9.49190410e-02 -5.17231092e-01
4430             -1.60648600e+01 8.96647157e+00 -8.91714721e+00 -1.62991721e+01 9.07726137e+00 -8.39950023e+00 2.34312100e-01 -1.10789801e-01 -5.17646983e-01
4440             -1.53614231e+01 5.74689403e+00 -7.91303614e+00 -1.56197574e+01 5.83737435e+00 -7.42533695e+00 2.58334307e-01 -9.04803287e-02 -4.87699195e-01
4450             -1.38452277e+01 2.69292554e+00 -7.83731300e+00 -1.41180330e+01 2.73018950e+00 -7.41331364e+00 2.72805239e-01 -3.72639611e-02 -4.23999367e-01
4460             -1.23419838e+01 1.34399724e+00 -7.43385516e+00 -1.26237952e+01 1.30195285e+00 -7.08905413e+00 2.81811402e-01 4.20443953e-02 -3.44801029e-01
