# Moment        
# CofR          : (0.00000000e+00 0.00000000e+00 0.00000000e+00)
#
# Time          	total_x total_y total_z	pressure_x pressure_y pressure_z	viscous_x viscous_y viscous_z
10               -2.42034216e-03 -5.55376073e-04 2.42105720e-03 3.25945688e-03 -4.25458723e-04 2.55929819e-03 -5.67979904e-03 -1.29917350e-04 -1.38240989e-04
20               -1.74820445e-02 -2.08722565e-03 4.84015977e-03 -4.69948899e-03 -1.96835861e-03 4.91277199e-03 -1.27825555e-02 -1.18867045e-04 -7.26122185e-05
30               -4.06663527e-02 -6.13132487e-03 4.96972357e-03 -1.99132180e-02 -6.08798538e-03 5.07640177e-03 -2.07531347e-02 -4.33394888e-05 -1.06678199e-04
40               -4.95747871e-02 -8.31056908e-03 7.43835640e-03 -1.91337744e-02 -8.28973690e-03 7.50543895e-03 -3.04410127e-02 -2.08321746e-05 -6.70825554e-05
50               -5.34467575e-02 -2.34454504e-03 2.09770058e-02 -1.30000827e-02 -2.32895290e-03 2.09417019e-02 -4.04466748e-02 -1.55921385e-05 3.53038256e-05
60               -6.30524357e-02 -2.17723214e-03 2.72470869e-02 -1.27999853e-02 -2.20217722e-03 2.73201317e-02 -5.02524504e-02 2.49450776e-05 -7.30448589e-05
70               -8.99503391e-02 6.34088193e-03 2.17211923e-02 -2.98553095e-02 6.10446751e-03 2.18123800e-02 -6.00950297e-02 2.36414421e-04 -9.11876899e-05
80               -1.33032785e-01 1.99794337e-02 7.82257253e-03 -6.31034914e-02 1.96258913e-02 7.85177924e-03 -6.99292941e-02 3.53542382e-04 -2.92067129e-05
90               -1.74516464e-01 1.83447281e-02 -2.50393476e-03 -9.46614645e-02 1.80885849e-02 -2.55841871e-03 -7.98549996e-02 2.56143250e-04 5.44839503e-05
100              -2.03650616e-01 1.61434553e-02 1.10482156e-02 -1.14391703e-01 1.60183663e-02 1.08461694e-02 -8.92589125e-02 1.25089011e-04 2.02046203e-04
110              -2.13982765e-01 3.29699335e-03 2.82100806e-02 -1.16130727e-01 3.22182835e-03 2.77514921e-02 -9.78520381e-02 7.51650003e-05 4.58588486e-04
120              -2.22823077e-01 3.37535356e-03 3.68540674e-02 -1.16729850e-01 3.24771964e-03 3.61903069e-02 -1.06093227e-01 1.27633927e-04 6.63760437e-04
130              -2.20344929e-01 8.80803426e-03 4.80745691e-02 -1.05092616e-01 8.56633851e-03 4.71809374e-02 -1.15252313e-01 2.41695752e-04 8.93631670e-04
140              -2.17844731e-01 7.35339539e-03 6.20121075e-02 -9.29806054e-02 6.98003751e-03 6.08769223e-02 -1.24864126e-01 3.73357873e-04 1.13518518e-03
150              -2.25896023e-01 -1.24409403e-02 6.48116400e-02 -9.13103245e-02 -1.31890561e-02 6.35653897e-02 -1.34585699e-01 7.48115869e-04 1.24625028e-03
160              -2.34221943e-01 -3.51967366e-02 5.75167812e-02 -8.92474672e-02 -3.66227125e-02 5.62719599e-02 -1.44974476e-01 1.42597593e-03 1.24482132e-03
170              -2.43711816e-01 -3.44565568e-02 5.32415746e-02 -8.76816573e-02 -3.65925933e-02 5.19961802e-02 -1.56030158e-01 2.13603644e-03 1.24539445e-03
180              -2.47697417e-01 -2.66431150e-02 6.28204782e-02 -8.02166174e-02 -2.93645911e-02 6.15205846e-02 -1.67480800e-01 2.72147608e-03 1.29989350e-03
190              -2.62094190e-01 -7.32256735e-03 7.16721985e-02 -8.18046854e-02 -1.04657216e-02 7.03964844e-02 -1.80289504e-01 3.14315425e-03 1.27571409e-03
200              -3.02669824e-01 2.37964651e-02 6.52992237e-02 -1.08407544e-01 2.04238057e-02 6.41677196e-02 -1.94262280e-01 3.37265942e-03 1.13150411e-03
210              -3.55525956e-01 3.38630468e-02 5.91801466e-02 -1.46970882e-01 3.04970279e-02 5.82676496e-02 -2.08555074e-01 3.36601885e-03 9.12496940e-04
220              -4.00709840e-01 3.75345048e-02 3.19080306e-02 -1.76781098e-01 3.44877373e-02 3.13454765e-02 -2.23928742e-01 3.04676755e-03 5.62554146e-04
230              -4.27339889e-01 3.28551667e-02 -3.50591695e-03 -1.86948333e-01 3.05200980e-02 -3.84401505e-03 -2.40391556e-01 2.33506866e-03 3.38098102e-04
240              -4.50795079e-01 1.12439903e-02 -4.44162566e-02 -1.94201119e-01 9.88441117e-03 -4.48770167e-02 -2.56593960e-01 1.35957912e-03 4.60760132e-04
250              -4.75815447e-01 5.66132530e-03 -5.52615260e-02 -2.03496355e-01 5.23882687e-03 -5.61919331e-02 -2.72319092e-01 4.22498435e-04 9.30407092e-04
260              -4.98317007e-01 2.82799292e-03 -5.57536583e-02 -2.11168308e-01 3.04217571e-03 -5.72749121e-02 -2.87148699e-01 -2.14182786e-04 1.52125385e-03
270              -5.14625519e-01 -1.65365018e-03 -6.52466094e-02 -2.14679950e-01 -1.13009122e-03 -6.76548760e-02 -2.99945569e-01 -5.23558956e-04 2.40826654e-03
280              -5.16371817e-01 3.36329275e-03 -8.23914980e-02 -2.05029963e-01 4.07605829e-03 -8.56923376e-02 -3.11341853e-01 -7.12765541e-04 3.30083959e-03
290              -5.21121640e-01 -3.91429197e-02 -7.89507595e-02 -1.98980229e-01 -3.82482481e-02 -8.31031669e-02 -3.22141411e-01 -8.94671675e-04 4.15240740e-03
300              -5.36476540e-01 -8.22735138e-02 -5.89633747e-02 -2.04661376e-01 -8.14511368e-02 -6.35480765e-02 -3.31815163e-01 -8.22376912e-04 4.58470178e-03
310              -5.52885124e-01 -1.13336326e-01 -7.10310993e-02 -2.11932912e-01 -1.12917076e-01 -7.57165824e-02 -3.40952212e-01 -4.19250038e-04 4.68548312e-03
320              -5.67938912e-01 -1.55685252e-01 -7.90172047e-02 -2.17374842e-01 -1.55574028e-01 -8.35716042e-02 -3.50564070e-01 -1.11224258e-04 4.55439943e-03
330              -5.82095097e-01 -2.25458865e-01 -3.69346635e-02 -2.22290143e-01 -2.25339907e-01 -4.12950579e-02 -3.59804954e-01 -1.18958178e-04 4.36039433e-03
340              -5.96595495e-01 -2.29684704e-01 3.36732963e-03 -2.28330736e-01 -2.29453768e-01 -1.07444528e-03 -3.68264759e-01 -2.30935918e-04 4.44177491e-03
350              -6.19518688e-01 -2.02017849e-01 3.64587920e-02 -2.41471923e-01 -2.01450976e-01 3.17226700e-02 -3.78046765e-01 -5.66873229e-04 4.73612196e-03
360              -6.32157191e-01 -1.61330245e-01 6.09342824e-02 -2.41844773e-01 -1.60305594e-01 5.60886624e-02 -3.90312417e-01 -1.02465030e-03 4.84561996e-03
370              -6.33955737e-01 -1.32260734e-01 3.77479396e-02 -2.30561771e-01 -1.30783942e-01 3.29998679e-02 -4.03393966e-01 -1.47679216e-03 4.74807169e-03
380              -6.50642526e-01 -1.32736186e-01 7.22321022e-03 -2.34145706e-01 -1.31056226e-01 2.77234930e-03 -4.16496820e-01 -1.67995987e-03 4.45086092e-03
390              -6.63890426e-01 -1.01337020e-01 1.01551580e-02 -2.35140467e-01 -9.94355357e-02 6.36773138e-03 -4.28749959e-01 -1.90148409e-03 3.78742663e-03
400              -6.68795979e-01 -5.30286315e-02 -2.74173300e-02 -2.28994742e-01 -5.03317167e-02 -3.03632615e-02 -4.39801237e-01 -2.69691482e-03 2.94593148e-03
410              -6.87815888e-01 -1.47251870e-02 -8.88756124e-02 -2.37491610e-01 -1.05858110e-02 -9.16704624e-02 -4.50324278e-01 -4.13937602e-03 2.79484999e-03
420              -7.16869043e-01 -1.03631434e-02 -1.14998938e-01 -2.55664816e-01 -4.69586098e-03 -1.18220939e-01 -4.61204228e-01 -5.66728241e-03 3.22200125e-03
430              -7.24565572e-01 -4.70199227e-02 -1.11374821e-01 -2.53173523e-01 -4.03790495e-02 -1.14559988e-01 -4.71392049e-01 -6.64087314e-03 3.18516715e-03
440              -7.17427324e-01 -1.01487847e-01 -7.20220352e-02 -2.36862822e-01 -9.42523262e-02 -7.49509677e-02 -4.80564502e-01 -7.23552052e-03 2.92893253e-03
450              -7.34118832e-01 -1.67365953e-01 -3.20877648e-02 -2.45332571e-01 -1.59314494e-01 -3.47206828e-02 -4.88786261e-01 -8.05145839e-03 2.63291805e-03
460              -7.65828279e-01 -1.92097875e-01 -3.40305222e-02 -2.69595375e-01 -1.82968317e-01 -3.61889983e-02 -4.96232904e-01 -9.12955802e-03 2.15847605e-03
470              -7.83365920e-01 -1.61443443e-01 -3.51748929e-02 -2.81234646e-01 -1.51188684e-01 -3.69349311e-02 -5.02131274e-01 -1.02547589e-02 1.76003815e-03
480              -8.04661645e-01 -1.17113685e-01 -1.91428284e-02 -2.96583387e-01 -1.06104833e-01 -2.04015243e-02 -5.08078259e-01 -1.10088523e-02 1.25869586e-03
490              -8.23925930e-01 -9.54930132e-02 -2.07756506e-02 -3.08834541e-01 -8.45159384e-02 -2.10677679e-02 -5.15091389e-01 -1.09770748e-02 2.92117310e-04
500              -8.47271533e-01 -7.59225437e-02 -3.06858732e-02 -3.24262469e-01 -6.52488697e-02 -2.96983371e-02 -5.23009064e-01 -1.06736740e-02 -9.87536093e-04
510              -8.64112562e-01 -1.86585840e-02 -2.78163255e-02 -3.32340445e-01 -8.21362349e-03 -2.59784209e-02 -5.31772117e-01 -1.04449606e-02 -1.83790466e-03
520              -8.61513969e-01 1.29390783e-02 -6.53818884e-02 -3.21293669e-01 2.28881755e-02 -6.31811594e-02 -5.40220300e-01 -9.94909717e-03 -2.20072896e-03
530              -8.55204305e-01 -2.52077560e-02 -1.38839440e-01 -3.07291871e-01 -1.61604175e-02 -1.36491475e-01 -5.47912434e-01 -9.04733851e-03 -2.34796563e-03
540              -8.66168464e-01 -9.03631929e-02 -1.49986873e-01 -3.10784082e-01 -8.20762526e-02 -1.47701537e-01 -5.55384382e-01 -8.28694027e-03 -2.28533578e-03
550              -8.95643705e-01 -1.29225929e-01 -1.22606086e-01 -3.32249143e-01 -1.21550641e-01 -1.20620992e-01 -5.63394562e-01 -7.67528810e-03 -1.98509425e-03
560              -9.13609985e-01 -9.57974370e-02 -1.15590450e-01 -3.42119918e-01 -8.86047826e-02 -1.14222584e-01 -5.71490068e-01 -7.19265438e-03 -1.36786632e-03
570              -9.17721291e-01 -4.03457754e-02 -8.29886860e-02 -3.39620103e-01 -3.36530457e-02 -8.23400193e-02 -5.78101189e-01 -6.69272973e-03 -6.48666692e-04
580              -9.32943372e-01 -3.84548738e-02 -1.81999706e-02 -3.50471497e-01 -3.21549874e-02 -1.82326424e-02 -5.82471874e-01 -6.29988644e-03 3.26718292e-05
590              -9.47040653e-01 -4.27930737e-02 4.70982529e-02 -3.63351082e-01 -3.67231455e-02 4.64364071e-02 -5.83689571e-01 -6.06992823e-03 6.61845833e-04
600              -9.63623473e-01 -1.75332154e-02 6.72849965e-02 -3.81453303e-01 -1.18184419e-02 6.61742100e-02 -5.82170169e-01 -5.71477352e-03 1.11078651e-03
610              -9.73135211e-01 9.86769207e-03 7.11603104e-02 -3.94894033e-01 1.50908012e-02 6.96908575e-02 -5.78241178e-01 -5.22310914e-03 1.46945290e-03
620              -9.71349776e-01 3.07570726e-02 8.33698133e-02 -3.97705247e-01 3.54808339e-02 8.13794364e-02 -5.73644529e-01 -4.72376129e-03 1.99037687e-03
630              -9.65999540e-01 6.68136360e-02 6.73291741e-02 -3.94873650e-01 7.12709329e-02 6.44712251e-02 -5.71125890e-01 -4.45729687e-03 2.85794899e-03
640              -9.52137089e-01 8.34038265e-02 -3.67816190e-03 -3.80945342e-01 8.77973228e-02 -7.74905264e-03 -5.71191747e-01 -4.39349635e-03 4.07089074e-03
650              -9.25354108e-01 6.49132234e-02 -6.61435104e-02 -3.51793730e-01 6.92852919e-02 -7.14162778e-02 -5.73560378e-01 -4.37206856e-03 5.27276739e-03
660              -9.04063871e-01 3.86660562e-02 -9.32875749e-02 -3.26547984e-01 4.27346154e-02 -9.95322073e-02 -5.77515887e-01 -4.06855919e-03 6.24463246e-03
670              -9.16220790e-01 2.35767883e-02 -1.59475020e-01 -3.34011677e-01 2.71753347e-02 -1.66427515e-01 -5.82209113e-01 -3.59854638e-03 6.95249542e-03
680              -9.32319056e-01 1.24451117e-02 -2.74557770e-01 -3.46133109e-01 1.54406149e-02 -2.82051532e-01 -5.86185948e-01 -2.99550314e-03 7.49376255e-03
690              -9.56278477e-01 -2.92781269e-02 -3.61305117e-01 -3.65741210e-01 -2.67708609e-02 -3.69284732e-01 -5.90537267e-01 -2.50726600e-03 7.97961512e-03
700              -9.81001968e-01 -1.28709930e-01 -3.52714728e-01 -3.85204162e-01 -1.26656929e-01 -3.61023898e-01 -5.95797805e-01 -2.05300053e-03 8.30916928e-03
710              -9.92047988e-01 -1.91427875e-01 -2.74197485e-01 -3.90372344e-01 -1.90046359e-01 -2.82328524e-01 -6.01675645e-01 -1.38151533e-03 8.13103815e-03
720              -9.98986366e-01 -2.41278921e-01 -2.14320737e-01 -3.92705390e-01 -2.41007821e-01 -2.21804575e-01 -6.06280976e-01 -2.71099639e-04 7.48383800e-03
730              -1.01580230e+00 -2.87150250e-01 -1.71365482e-01 -4.07819434e-01 -2.88310998e-01 -1.77920291e-01 -6.07982870e-01 1.16074815e-03 6.55480912e-03
740              -1.04120442e+00 -3.18549159e-01 -1.19721419e-01 -4.34628974e-01 -3.20935207e-01 -1.25575607e-01 -6.06575441e-01 2.38604764e-03 5.85418790e-03
750              -1.05447713e+00 -3.25559893e-01 -9.42904244e-02 -4.53046909e-01 -3.28686155e-01 -9.95707421e-02 -6.01430221e-01 3.12626167e-03 5.28031772e-03
760              -1.05547366e+00 -3.25891809e-01 -6.14322816e-02 -4.60714089e-01 -3.29043648e-01 -6.58466215e-02 -5.94759571e-01 3.15183867e-03 4.41433996e-03
770              -1.04795680e+00 -3.01375449e-01 -2.29460245e-02 -4.58398638e-01 -3.04086522e-01 -2.62239500e-02 -5.89558162e-01 2.71107255e-03 3.27792551e-03
780              -1.03657267e+00 -2.90930200e-01 1.24954990e-02 -4.49390221e-01 -2.92919643e-01 1.02193690e-02 -5.87182451e-01 1.98944273e-03 2.27613003e-03
790              -1.04650430e+00 -2.46462192e-01 3.22311502e-02 -4.58004770e-01 -2.47628406e-01 3.06919730e-02 -5.88499531e-01 1.16621468e-03 1.53917724e-03
800              -1.05760874e+00 -2.25026896e-01 1.51018192e-02 -4.64824747e-01 -2.25375086e-01 1.42620004e-02 -5.92783988e-01 3.48190289e-04 8.39818796e-04
810              -1.06778853e+00 -2.31837408e-01 -9.77881291e-03 -4.69449078e-01 -2.31131994e-01 -9.87416776e-03 -5.98339448e-01 -7.05414443e-04 9.53548475e-05
820              -1.06905174e+00 -2.35787061e-01 -6.46718256e-02 -4.66156293e-01 -2.33615501e-01 -6.40447947e-02 -6.02895450e-01 -2.17155974e-03 -6.27030857e-04
830              -1.06762721e+00 -2.12080411e-01 -9.50775258e-02 -4.62353062e-01 -2.08127128e-01 -9.40243558e-02 -6.05274148e-01 -3.95328281e-03 -1.05316997e-03
840              -1.07148902e+00 -2.06525520e-01 -1.16424471e-01 -4.64843022e-01 -2.00680337e-01 -1.15318271e-01 -6.06645995e-01 -5.84518318e-03 -1.10620046e-03
850              -1.07554626e+00 -2.02879350e-01 -1.29422741e-01 -4.68882830e-01 -1.95364435e-01 -1.28646308e-01 -6.06663429e-01 -7.51491410e-03 -7.76432687e-04
860              -1.07546277e+00 -1.46548859e-01 -1.73650048e-01 -4.71385460e-01 -1.37561344e-01 -1.73424447e-01 -6.04077314e-01 -8.98751527e-03 -2.25601535e-04
870              -1.07148158e+00 -1.18894310e-01 -2.28116537e-01 -4.71971141e-01 -1.08686980e-01 -2.28312070e-01 -5.99510443e-01 -1.02073302e-02 1.95532311e-04
880              -1.07629649e+00 -1.27530197e-01 -2.42917810e-01 -4.81827615e-01 -1.16652625e-01 -2.43570081e-01 -5.94468874e-01 -1.08775721e-02 6.52270558e-04
890              -1.07112962e+00 -1.39617637e-01 -1.62352792e-01 -4.82022069e-01 -1.28729100e-01 -1.63490332e-01 -5.89107551e-01 -1.08885369e-02 1.13754051e-03
900              -1.04458035e+00 -1.38061918e-01 -7.25115940e-02 -4.60894534e-01 -1.27785932e-01 -7.39922510e-02 -5.83685812e-01 -1.02759861e-02 1.48065699e-03
910              -1.01610313e+00 -1.25343521e-01 -3.68271270e-02 -4.38944511e-01 -1.16239916e-01 -3.87654423e-02 -5.77158614e-01 -9.10360428e-03 1.93831524e-03
920              -1.00483198e+00 -1.12840685e-01 -4.44673501e-02 -4.34488727e-01 -1.04980216e-01 -4.69797496e-02 -5.70343254e-01 -7.86046838e-03 2.51239950e-03
930              -9.98227692e-01 -8.68323063e-02 -4.81620449e-02 -4.32965916e-01 -8.00701231e-02 -5.12051288e-02 -5.65261777e-01 -6.76218316e-03 3.04308387e-03
940              -9.66064976e-01 -3.85205169e-02 -4.90857633e-03 -4.02286456e-01 -3.30740020e-02 -8.11026372e-03 -5.63778521e-01 -5.44651490e-03 3.20168740e-03
950              -9.33067723e-01 1.44172410e-02 2.31120089e-02 -3.67057548e-01 1.83869857e-02 2.01263375e-02 -5.66010175e-01 -3.96974466e-03 2.98567138e-03
960              -9.25837874e-01 4.87932264e-02 -1.63392686e-02 -3.55336214e-01 5.15227217e-02 -1.87469269e-02 -5.70501661e-01 -2.72949520e-03 2.40765832e-03
970              -9.39813370e-01 4.15351019e-02 -7.82142233e-02 -3.64429623e-01 4.32282725e-02 -7.98856390e-02 -5.75383747e-01 -1.69317060e-03 1.67141575e-03
980              -9.51153523e-01 3.26284863e-02 -1.24331425e-01 -3.71802638e-01 3.36452753e-02 -1.25348875e-01 -5.79350885e-01 -1.01678904e-03 1.01744984e-03
990              -9.45045343e-01 7.74715934e-03 -1.46606985e-01 -3.63162939e-01 8.47944665e-03 -1.46907206e-01 -5.81882404e-01 -7.32287314e-04 3.00220588e-04
1000             -9.45998804e-01 -4.64963631e-02 -1.65183414e-01 -3.63525065e-01 -4.58822167e-02 -1.64680926e-01 -5.82473739e-01 -6.14146352e-04 -5.02487430e-04
1010             -9.62699815e-01 -1.10805393e-01 -1.51969894e-01 -3.80963295e-01 -1.10493383e-01 -1.51003642e-01 -5.81736520e-01 -3.12010622e-04 -9.66252661e-04
1020             -9.81714920e-01 -1.38438259e-01 -1.23178429e-01 -4.01170779e-01 -1.39118330e-01 -1.22017092e-01 -5.80544140e-01 6.80070669e-04 -1.16133727e-03
1030             -1.01298127e+00 -1.67771400e-01 -1.08708763e-01 -4.33654451e-01 -1.69793736e-01 -1.07390630e-01 -5.79326820e-01 2.02233656e-03 -1.31813285e-03
1040             -1.03284176e+00 -1.71784467e-01 -6.78263693e-02 -4.54426148e-01 -1.74808384e-01 -6.61143894e-02 -5.78415616e-01 3.02391759e-03 -1.71197987e-03
1050             -1.02630510e+00 -1.50052303e-01 -3.11874293e-02 -4.46379164e-01 -1.53439191e-01 -2.88141954e-02 -5.79925935e-01 3.38688826e-03 -2.37323394e-03
1060             -1.00289096e+00 -1.01550636e-01 -9.10033941e-03 -4.20311894e-01 -1.04796859e-01 -6.30474950e-03 -5.82579067e-01 3.24622338e-03 -2.79558991e-03
1070             -9.94061204e-01 -7.84252890e-02 -1.72937796e-02 -4.08020003e-01 -8.12875130e-02 -1.47042109e-02 -5.86041202e-01 2.86222401e-03 -2.58956872e-03
1080             -1.02520895e+00 -2.99694941e-02 7.96524145e-03 -4.35665618e-01 -3.23285821e-02 9.85517465e-03 -5.89543334e-01 2.35908800e-03 -1.88993320e-03
1090             -1.05114357e+00 2.43657543e-03 4.17026069e-02 -4.57698346e-01 6.01368112e-04 4.27991802e-02 -5.93445224e-01 1.83520732e-03 -1.09657330e-03
1100             -1.07099467e+00 2.32054824e-02 3.54714531e-02 -4.73254419e-01 2.19036173e-02 3.60822778e-02 -5.97740247e-01 1.30186503e-03 -6.10824771e-04
1110             -1.08583617e+00 4.91358706e-02 1.73034290e-02 -4.85019646e-01 4.85223901e-02 1.75881896e-02 -6.00816525e-01 6.13480502e-04 -2.84760527e-04
1120             -1.07663693e+00 4.88331466e-02 -8.62981655e-03 -4.73674374e-01 4.92209943e-02 -8.91529307e-03 -6.02962559e-01 -3.87847789e-04 2.85476525e-04
1130             -1.07121476e+00 4.06843517e-02 -2.84806609e-03 -4.66344919e-01 4.23564471e-02 -3.63697530e-03 -6.04869845e-01 -1.67209548e-03 7.88909212e-04
1140             -1.10044493e+00 8.31421708e-02 -2.06074962e-02 -4.95040602e-01 8.60653308e-02 -2.18330227e-02 -6.05404329e-01 -2.92315998e-03 1.22552654e-03
1150             -1.10886985e+00 9.42704813e-02 -4.14379140e-02 -5.05031647e-01 9.81607054e-02 -4.30219004e-02 -6.03838201e-01 -3.89022412e-03 1.58398638e-03
1160             -1.11009127e+00 8.57951408e-02 -4.62172932e-02 -5.09808901e-01 9.07188025e-02 -4.79128148e-02 -6.00282372e-01 -4.92366168e-03 1.69552166e-03
1170             -1.09265016e+00 5.51316422e-02 -3.87130200e-02 -4.97183459e-01 6.08976264e-02 -4.02015393e-02 -5.95466697e-01 -5.76598421e-03 1.48851920e-03
1180             -1.07457183e+00 -1.54068684e-02 -5.50762338e-02 -4.84046243e-01 -9.41769699e-03 -5.64310819e-02 -5.90525591e-01 -5.98917144e-03 1.35484806e-03
1190             -1.05521011e+00 -4.50961387e-02 -6.69291880e-02 -4.69625874e-01 -3.92286553e-02 -6.84159615e-02 -5.85584241e-01 -5.86748344e-03 1.48677348e-03
1200             -1.04781316e+00 -7.31547818e-02 -7.92090439e-02 -4.67605715e-01 -6.75860409e-02 -8.08546127e-02 -5.80207442e-01 -5.56874096e-03 1.64556884e-03
1210             -1.04661004e+00 -1.29638490e-01 -6.74237296e-02 -4.71449702e-01 -1.24630634e-01 -6.91021883e-02 -5.75160335e-01 -5.00785659e-03 1.67845866e-03
1220             -1.03180641e+00 -2.02335699e-01 -1.39052751e-02 -4.60389549e-01 -1.97973592e-01 -1.56040634e-02 -5.71416864e-01 -4.36210618e-03 1.69878826e-03
1230             -1.03377184e+00 -2.27651460e-01 5.46153875e-02 -4.64083806e-01 -2.23872315e-01 5.28405693e-02 -5.69688038e-01 -3.77914505e-03 1.77481815e-03
1240             -1.05123060e+00 -2.21105591e-01 6.10481729e-02 -4.80582631e-01 -2.18068314e-01 5.89024927e-02 -5.70647974e-01 -3.03727725e-03 2.14568023e-03
1250             -1.04690468e+00 -2.21242009e-01 6.53566888e-02 -4.71736019e-01 -2.19254086e-01 6.25179268e-02 -5.75168666e-01 -1.98792375e-03 2.83876201e-03
1260             -1.03198528e+00 -2.42362905e-01 5.40241779e-02 -4.48754470e-01 -2.41636795e-01 5.02730632e-02 -5.83230813e-01 -7.26110465e-04 3.75111467e-03
1270             -1.03307803e+00 -2.56073616e-01 3.33636326e-02 -4.40647581e-01 -2.56536003e-01 2.88385968e-02 -5.92430445e-01 4.62387505e-04 4.52503580e-03
1280             -1.05360413e+00 -2.21673783e-01 1.96386269e-02 -4.53308905e-01 -2.23169416e-01 1.47333752e-02 -6.00295228e-01 1.49563326e-03 4.90525168e-03
1290             -1.06072048e+00 -1.55908377e-01 9.74091470e-03 -4.56047868e-01 -1.57899035e-01 4.78026313e-03 -6.04672610e-01 1.99065764e-03 4.96065157e-03
1300             -1.05242684e+00 -8.84854294e-02 5.89355753e-03 -4.45655163e-01 -9.03435833e-02 1.19920659e-03 -6.06771675e-01 1.85815390e-03 4.69435095e-03
1310             -1.05868972e+00 -4.71517776e-02 -2.71792499e-02 -4.51142752e-01 -4.83000801e-02 -3.09446771e-02 -6.07546965e-01 1.14830256e-03 3.76542720e-03
1320             -1.06544423e+00 -2.41295009e-03 -7.88250995e-02 -4.58454867e-01 -2.74458819e-03 -8.14191057e-02 -6.06989366e-01 3.31638101e-04 2.59400624e-03
1330             -1.07466030e+00 1.13588341e-03 -1.29531299e-01 -4.69699748e-01 1.92759738e-03 -1.31195757e-01 -6.04960550e-01 -7.91713971e-04 1.66445805e-03
1340             -1.07754168e+00 -2.74096726e-02 -1.35662738e-01 -4.76092503e-01 -2.49824056e-02 -1.36660861e-01 -6.01449175e-01 -2.42726697e-03 9.98123762e-04
1350             -1.07082047e+00 -9.12983325e-02 -1.17863725e-01 -4.73217380e-01 -8.71662404e-02 -1.18588740e-01 -5.97603087e-01 -4.13209206e-03 7.25014911e-04
1360             -1.06456585e+00 -1.33288230e-01 -1.05752133e-01 -4.71832052e-01 -1.28167170e-01 -1.06576275e-01 -5.92733802e-01 -5.12105997e-03 8.24142429e-04
1370             -1.05394944e+00 -1.31122167e-01 -9.69601224e-02 -4.67040237e-01 -1.25912809e-01 -9.79818709e-02 -5.86909201e-01 -5.20935760e-03 1.02174857e-03
1380             -1.03765054e+00 -1.22189815e-01 -8.99004098e-02 -4.56017530e-01 -1.17512490e-01 -9.11089958e-02 -5.81633010e-01 -4.67732533e-03 1.20858595e-03
1390             -1.02420092e+00 -1.13390832e-01 -8.40865146e-02 -4.45793166e-01 -1.09241525e-01 -8.54621751e-02 -5.78407750e-01 -4.14930662e-03 1.37566052e-03
1400             -1.01330687e+00 -1.13902144e-01 -5.78290889e-02 -4.35179018e-01 -1.10182478e-01 -5.91411716e-02 -5.78127850e-01 -3.71966558e-03 1.31208264e-03
1410             -1.00388961e+00 -1.23200187e-01 -5.93567861e-02 -4.23046069e-01 -1.19682725e-01 -6.04243954e-02 -5.80843545e-01 -3.51746233e-03 1.06760925e-03
1420             -9.95244029e-01 -9.93573556e-02 -6.32285324e-02 -4.10112617e-01 -9.59430843e-02 -6.39151237e-02 -5.85131412e-01 -3.41427129e-03 6.86591251e-04
1430             -1.00550736e+00 -3.57379786e-02 -6.36266384e-02 -4.16535552e-01 -3.20738939e-02 -6.35917027e-02 -5.88971804e-01 -3.66408471e-03 -3.49357006e-05
1440             -1.02614746e+00 9.37767517e-04 -6.69766464e-02 -4.34964884e-01 5.32476135e-03 -6.62304970e-02 -5.91182575e-01 -4.38699383e-03 -7.46149360e-04
1450             -1.04506193e+00 2.53874415e-02 -9.82564783e-02 -4.53413390e-01 3.12031205e-02 -9.71139821e-02 -5.91648543e-01 -5.81567902e-03 -1.14249622e-03
1460             -1.07520437e+00 2.99697706e-02 -1.78171672e-01 -4.84435434e-01 3.77488012e-02 -1.76819558e-01 -5.90768933e-01 -7.77903056e-03 -1.35211352e-03
1470             -1.09603770e+00 1.63061429e-02 -2.34690239e-01 -5.06940477e-01 2.60313080e-02 -2.33427355e-01 -5.89097224e-01 -9.72516503e-03 -1.26288451e-03
1480             -1.08090836e+00 -2.75365183e-02 -2.51003834e-01 -4.94013657e-01 -1.61985345e-02 -2.50423207e-01 -5.86894705e-01 -1.13379838e-02 -5.80626900e-04
1490             -1.05039830e+00 -9.69054091e-02 -2.07511780e-01 -4.65658382e-01 -8.47180025e-02 -2.08040616e-01 -5.84739920e-01 -1.21874066e-02 5.28835645e-04
1500             -1.03978999e+00 -1.52394538e-01 -1.52836990e-01 -4.57663500e-01 -1.40355207e-01 -1.54695059e-01 -5.82126489e-01 -1.20393309e-02 1.85806910e-03
1510             -1.05309317e+00 -1.72073999e-01 -1.28631843e-01 -4.72745400e-01 -1.61218507e-01 -1.31594558e-01 -5.80347774e-01 -1.08554926e-02 2.96271417e-03
1520             -1.06772980e+00 -1.59148904e-01 -9.22851291e-02 -4.88128500e-01 -1.49832404e-01 -9.61059513e-02 -5.79601299e-01 -9.31649903e-03 3.82082216e-03
1530             -1.05880274e+00 -1.06045687e-01 -7.97860074e-02 -4.79304804e-01 -9.85719329e-02 -8.42332243e-02 -5.79497935e-01 -7.47375390e-03 4.44721688e-03
1540             -1.05077008e+00 -6.75265645e-02 -9.19810388e-02 -4.70385735e-01 -6.16090446e-02 -9.67058727e-02 -5.80384350e-01 -5.91751997e-03 4.72483392e-03
1550             -1.06060372e+00 -1.09254117e-01 -1.31409015e-01 -4.80138346e-01 -1.04563103e-01 -1.36028460e-01 -5.80465370e-01 -4.69101408e-03 4.61944453e-03
1560             -1.06615330e+00 -1.63966023e-01 -1.59440868e-01 -4.87457098e-01 -1.60180709e-01 -1.63641794e-01 -5.78696199e-01 -3.78531393e-03 4.20092541e-03
1570             -1.04364649e+00 -2.07380578e-01 -1.22116913e-01 -4.67077597e-01 -2.04473581e-01 -1.25669399e-01 -5.76568894e-01 -2.90699724e-03 3.55248683e-03
1580             -1.04542532e+00 -2.49805869e-01 -2.88742544e-02 -4.71204715e-01 -2.47943709e-01 -3.17409060e-02 -5.74220607e-01 -1.86216003e-03 2.86665162e-03
1590             -1.07168495e+00 -2.50935465e-01 3.46577058e-02 -5.00952376e-01 -2.49902206e-01 3.24204271e-02 -5.70732572e-01 -1.03325850e-03 2.23727872e-03
1600             -1.08721011e+00 -2.26624638e-01 2.43976338e-02 -5.21447799e-01 -2.26036784e-01 2.27033888e-02 -5.65762311e-01 -5.87854054e-04 1.69424500e-03
1610             -1.07062261e+00 -2.20003301e-01 8.34972891e-03 -5.10494163e-01 -2.19434790e-01 7.10515635e-03 -5.60128449e-01 -5.68510539e-04 1.24457256e-03
1620             -1.03713810e+00 -1.90701495e-01 2.00138556e-03 -4.82826020e-01 -1.89863614e-01 1.05510317e-03 -5.54312085e-01 -8.37880903e-04 9.46282389e-04
1630             -1.00863999e+00 -1.65636833e-01 2.66834887e-02 -4.57978610e-01 -1.64426482e-01 2.57788797e-02 -5.50661380e-01 -1.21035192e-03 9.04608933e-04
1640             -1.01390170e+00 -1.94939532e-01 7.03710454e-02 -4.63785222e-01 -1.93436279e-01 6.93431610e-02 -5.50116477e-01 -1.50325299e-03 1.02788438e-03
1650             -1.03253064e+00 -2.17827796e-01 9.11997943e-02 -4.78659057e-01 -2.16385608e-01 9.01555350e-02 -5.53871584e-01 -1.44218757e-03 1.04425926e-03
1660             -1.03461499e+00 -2.02680918e-01 1.21891446e-01 -4.73434827e-01 -2.01326228e-01 1.20636306e-01 -5.61180168e-01 -1.35469034e-03 1.25513964e-03
1670             -1.03016885e+00 -1.60551639e-01 1.39050117e-01 -4.58847495e-01 -1.59209018e-01 1.36899162e-01 -5.71321356e-01 -1.34262129e-03 2.15095530e-03
1680             -1.02979179e+00 -1.14868715e-01 1.33768306e-01 -4.45951133e-01 -1.13562029e-01 1.30273223e-01 -5.83840655e-01 -1.30668645e-03 3.49508362e-03
1690             -1.03635869e+00 -9.33386051e-02 1.35750647e-01 -4.40276836e-01 -9.25549048e-02 1.31275484e-01 -5.96081850e-01 -7.83700248e-04 4.47516243e-03
1700             -1.04824192e+00 -6.67479571e-02 1.39903121e-01 -4.42924694e-01 -6.70222224e-02 1.35235967e-01 -6.05317225e-01 2.74265250e-04 4.66715385e-03
1710             -1.07023972e+00 -4.13772585e-02 1.47145126e-01 -4.61310897e-01 -4.27772434e-02 1.42935718e-01 -6.08928822e-01 1.39998489e-03 4.20940818e-03
1720             -1.08365532e+00 2.43742642e-02 1.02133223e-01 -4.74973341e-01 2.22036726e-02 9.88344937e-02 -6.08681974e-01 2.17059167e-03 3.29872917e-03
1730             -1.08607164e+00 3.31590171e-02 3.41619608e-02 -4.80060267e-01 3.07962531e-02 3.18405608e-02 -6.06011373e-01 2.36276399e-03 2.32140007e-03
1740             -1.08959993e+00 6.73937152e-03 -1.65353664e-02 -4.87394874e-01 4.81681603e-03 -1.78966471e-02 -6.02205057e-01 1.92255549e-03 1.36128072e-03
1750             -1.08350947e+00 -4.41031009e-02 -3.05163931e-02 -4.88019897e-01 -4.52817560e-02 -3.09940532e-02 -5.95489573e-01 1.17865510e-03 4.77660105e-04
1760             -1.06328815e+00 -6.16674916e-02 5.36535972e-03 -4.76709352e-01 -6.21619458e-02 5.44771250e-03 -5.86578801e-01 4.94454234e-04 -8.23527828e-05
1770             -1.04551990e+00 -9.08597671e-02 4.43504765e-02 -4.66385209e-01 -9.07727112e-02 4.43109388e-02 -5.79134689e-01 -8.70558905e-05 3.95377941e-05
1780             -1.02196916e+00 -1.11785891e-01 4.74515084e-02 -4.46356124e-01 -1.11105849e-01 4.64547286e-02 -5.75613031e-01 -6.80042333e-04 9.96779784e-04
1790             -9.95975704e-01 -1.23734274e-01 2.88462332e-02 -4.19863417e-01 -1.22569890e-01 2.63611395e-02 -5.76112287e-01 -1.16438404e-03 2.48509370e-03
1800             -9.82107490e-01 -1.16329010e-01 1.39555956e-03 -4.02384752e-01 -1.15044612e-01 -2.69416722e-03 -5.79722739e-01 -1.28439729e-03 4.08972678e-03
1810             -9.90940425e-01 -1.04506531e-01 -4.01838072e-02 -4.05133829e-01 -1.03426793e-01 -4.57740960e-02 -5.85806596e-01 -1.07973866e-03 5.59028882e-03
1820             -1.00040849e+00 -7.35653990e-02 -7.25412200e-02 -4.06680158e-01 -7.29240019e-02 -7.91268071e-02 -5.93728328e-01 -6.41397144e-04 6.58558705e-03
1830             -9.93225755e-01 -2.43672205e-02 -7.41232225e-02 -3.91340165e-01 -2.41961193e-02 -8.09211379e-02 -6.01885590e-01 -1.71101262e-04 6.79791549e-03
1840             -9.92927703e-01 -2.04987438e-02 -1.13165834e-01 -3.83694325e-01 -2.03461247e-02 -1.19555940e-01 -6.09233378e-01 -1.52619114e-04 6.39010609e-03
1850             -9.87483812e-01 -6.17254218e-02 -1.68217954e-01 -3.72970964e-01 -6.14051954e-02 -1.73821334e-01 -6.14512848e-01 -3.20226325e-04 5.60338010e-03
1860             -9.99313157e-01 -1.22290775e-01 -1.72700653e-01 -3.81110468e-01 -1.21829356e-01 -1.77483457e-01 -6.18202689e-01 -4.61419556e-04 4.78280397e-03
1870             -1.03026664e+00 -1.46199582e-01 -1.78174696e-01 -4.09870037e-01 -1.45170380e-01 -1.82578405e-01 -6.20396607e-01 -1.02920147e-03 4.40370895e-03
1880             -1.05377314e+00 -1.76112375e-01 -1.41219572e-01 -4.34251397e-01 -1.73851179e-01 -1.45765346e-01 -6.19521743e-01 -2.26119633e-03 4.54577455e-03
1890             -1.05401147e+00 -1.67582604e-01 -1.22008076e-01 -4.37950387e-01 -1.63905551e-01 -1.26955698e-01 -6.16061079e-01 -3.67705377e-03 4.94762197e-03
1900             -1.04774361e+00 -1.55873630e-01 -1.34045924e-01 -4.37472573e-01 -1.51002689e-01 -1.39488676e-01 -6.10271039e-01 -4.87094025e-03 5.44275241e-03
1910             -1.04900638e+00 -1.55534974e-01 -1.08500639e-01 -4.46128481e-01 -1.50238075e-01 -1.14483933e-01 -6.02877897e-01 -5.29689863e-03 5.98329384e-03
1920             -1.05807068e+00 -2.01906470e-01 -3.18271655e-02 -4.62530143e-01 -1.96919554e-01 -3.82888207e-02 -5.95540535e-01 -4.98691620e-03 6.46165527e-03
1930             -1.07063717e+00 -2.53071267e-01 2.88916660e-02 -4.82480462e-01 -2.48894553e-01 2.20874870e-02 -5.88156707e-01 -4.17671417e-03 6.80417907e-03
1940             -1.06700452e+00 -2.42090789e-01 8.48344693e-02 -4.85923394e-01 -2.38580066e-01 7.77320836e-02 -5.81081123e-01 -3.51072309e-03 7.10238567e-03
1950             -1.07193906e+00 -1.94137883e-01 1.28047602e-01 -4.96039319e-01 -1.91370762e-01 1.20844878e-01 -5.75899742e-01 -2.76712181e-03 7.20272438e-03
1960             -1.08938170e+00 -1.58236500e-01 1.39131956e-01 -5.14609886e-01 -1.56349886e-01 1.32135320e-01 -5.74771815e-01 -1.88661396e-03 6.99663634e-03
1970             -1.09214593e+00 -1.14268024e-01 1.11813200e-01 -5.13871723e-01 -1.13140921e-01 1.05184368e-01 -5.78274203e-01 -1.12710293e-03 6.62883217e-03
1980             -1.07824706e+00 -4.26817888e-02 7.07466440e-02 -4.92970391e-01 -4.21752092e-02 6.48591748e-02 -5.85276665e-01 -5.06579602e-04 5.88746917e-03
1990             -1.06668517e+00 6.40542731e-03 2.43759963e-02 -4.72944143e-01 6.60595722e-03 1.94499031e-02 -5.93741029e-01 -2.00529907e-04 4.92609323e-03
2000             -1.06594735e+00 7.33003028e-03 -2.18241521e-02 -4.65198475e-01 7.70091711e-03 -2.57173326e-02 -6.00748874e-01 -3.70886824e-04 3.89318043e-03
2010             -1.07410523e+00 -4.78699348e-03 -8.55397694e-02 -4.68903166e-01 -4.11878171e-03 -8.84977619e-02 -6.05202065e-01 -6.68211775e-04 2.95799250e-03
2020             -1.07203042e+00 -6.49658576e-02 -1.09116833e-01 -4.65626431e-01 -6.36496252e-02 -1.11113020e-01 -6.06403985e-01 -1.31623243e-03 1.99618625e-03
2030             -1.06244703e+00 -1.13250501e-01 -3.07973228e-02 -4.59147155e-01 -1.11248600e-01 -3.20486175e-02 -6.03299875e-01 -2.00190017e-03 1.25129463e-03
2040             -1.05090347e+00 -1.11329278e-01 2.01573611e-02 -4.53968275e-01 -1.08834014e-01 1.93784541e-02 -5.96935193e-01 -2.49526387e-03 7.78906980e-04
2050             -1.03474649e+00 -1.79512181e-01 3.01675266e-02 -4.46450928e-01 -1.76655461e-01 2.97288297e-02 -5.88295567e-01 -2.85672012e-03 4.38696964e-04
2060             -1.01255232e+00 -2.38523467e-01 5.14084722e-02 -4.33127793e-01 -2.35572834e-01 5.10987809e-02 -5.79424531e-01 -2.95063379e-03 3.09691308e-04
2070             -9.99649990e-01 -2.39403146e-01 3.97773283e-02 -4.28344471e-01 -2.36442075e-01 3.93411831e-02 -5.71305519e-01 -2.96107160e-03 4.36145144e-04
2080             -9.86177375e-01 -2.07724083e-01 4.69034212e-02 -4.21210700e-01 -2.04862969e-01 4.61199406e-02 -5.64966675e-01 -2.86111353e-03 7.83480657e-04
2090             -9.61154817e-01 -1.65582947e-01 9.95780761e-02 -4.00724381e-01 -1.62841952e-01 9.82800169e-02 -5.60430436e-01 -2.74099521e-03 1.29805918e-03
2100             -9.50955673e-01 -6.26695493e-02 1.23851149e-01 -3.90897257e-01 -5.99095557e-02 1.22144172e-01 -5.60058416e-01 -2.75999363e-03 1.70697694e-03
2110             -9.46641127e-01 -6.03610951e-03 6.88188916e-02 -3.82709540e-01 -3.27667094e-03 6.68807119e-02 -5.63931586e-01 -2.75943857e-03 1.93817970e-03
2120             -9.47743887e-01 -1.37845210e-02 3.27777336e-02 -3.76514013e-01 -1.07943912e-02 3.05269665e-02 -5.71229874e-01 -2.99012985e-03 2.25076709e-03
2130             -9.50613815e-01 -2.21425567e-02 -1.38566919e-03 -3.70401254e-01 -1.83057799e-02 -4.06284347e-03 -5.80212561e-01 -3.83677684e-03 2.67717427e-03
2140             -9.86862902e-01 1.71899391e-02 -5.74779754e-02 -3.96932078e-01 2.21141341e-02 -6.07254156e-02 -5.89930824e-01 -4.92419495e-03 3.24744016e-03
2150             -1.03412044e+00 4.28062716e-02 -1.43321435e-01 -4.35945632e-01 4.86678800e-02 -1.47165999e-01 -5.98174804e-01 -5.86160839e-03 3.84456449e-03
2160             -1.05073741e+00 -2.15167945e-02 -1.68572710e-01 -4.47501518e-01 -1.53104749e-02 -1.73336601e-01 -6.03235892e-01 -6.20631959e-03 4.76389095e-03
2170             -1.05987408e+00 -1.36403035e-01 -1.31862702e-01 -4.54917073e-01 -1.30494025e-01 -1.37786071e-01 -6.04957006e-01 -5.90901021e-03 5.92336987e-03
2180             -1.07944703e+00 -2.36462414e-01 -7.44231344e-02 -4.74850847e-01 -2.31412896e-01 -8.15944176e-02 -6.04596183e-01 -5.04951760e-03 7.17128324e-03
2190             -1.09262289e+00 -2.53315420e-01 -2.64105431e-02 -4.89736164e-01 -2.49732299e-01 -3.44403549e-02 -6.02886727e-01 -3.58312098e-03 8.02981176e-03
2200             -1.07886862e+00 -2.31557379e-01 3.41858215e-02 -4.78529098e-01 -2.29789942e-01 2.60242754e-02 -6.00339527e-01 -1.76743633e-03 8.16154608e-03
2210             -1.05571148e+00 -2.45217587e-01 9.60573474e-02 -4.59141427e-01 -2.45316002e-01 8.85272965e-02 -5.96570055e-01 9.84150268e-05 7.53005091e-03
2220             -1.05553646e+00 -2.63147883e-01 1.35278096e-01 -4.62575878e-01 -2.64694640e-01 1.29233535e-01 -5.92960584e-01 1.54675650e-03 6.04456020e-03
2230             -1.07249591e+00 -2.20753171e-01 1.67911773e-01 -4.82172891e-01 -2.22921839e-01 1.63927557e-01 -5.90323017e-01 2.16866813e-03 3.98421531e-03
2240             -1.08678588e+00 -1.39589890e-01 1.83361831e-01 -4.99132546e-01 -1.41322333e-01 1.81302558e-01 -5.87653330e-01 1.73244359e-03 2.05927229e-03
2250             -1.08329408e+00 -7.08943806e-02 1.63022337e-01 -4.97411922e-01 -7.13765809e-02 1.62383719e-01 -5.85882159e-01 4.82200244e-04 6.38618251e-04
2260             -1.06934943e+00 -2.06458999e-02 9.52785185e-02 -4.84145776e-01 -1.95761744e-02 9.54688393e-02 -5.85203652e-01 -1.06972554e-03 -1.90320800e-04
2270             -1.05944122e+00 -4.04326407e-02 4.59993538e-02 -4.73836793e-01 -3.76843721e-02 4.64071095e-02 -5.85604423e-01 -2.74826859e-03 -4.07755649e-04
2280             -1.03425752e+00 -7.45912410e-02 4.97090388e-02 -4.47576744e-01 -7.02274558e-02 4.98482078e-02 -5.86680780e-01 -4.36378523e-03 -1.39168944e-04
2290             -9.98726706e-01 -1.05309039e-01 5.37015971e-02 -4.09746486e-01 -9.94554075e-02 5.31613171e-02 -5.88980220e-01 -5.85363172e-03 5.40279942e-04
2300             -9.92915760e-01 -7.45494817e-02 4.51747902e-02 -4.00986592e-01 -6.77041671e-02 4.37712563e-02 -5.91929169e-01 -6.84531462e-03 1.40353388e-03
2310             -9.95477553e-01 -5.34800264e-02 2.81623491e-02 -4.00790963e-01 -4.64542304e-02 2.60790287e-02 -5.94686590e-01 -7.02579599e-03 2.08332033e-03
2320             -1.00498784e+00 -5.54328079e-02 4.51266568e-03 -4.07709030e-01 -4.87799951e-02 1.94911680e-03 -5.97278815e-01 -6.65281286e-03 2.56354887e-03
2330             -1.02237983e+00 -5.45090110e-02 -3.53773675e-02 -4.24264965e-01 -4.85688634e-02 -3.83308441e-02 -5.98114869e-01 -5.94014768e-03 2.95347659e-03
2340             -1.02228747e+00 -8.50291230e-02 -6.92845344e-02 -4.25510827e-01 -7.95921782e-02 -7.25121860e-02 -5.96776642e-01 -5.43694479e-03 3.22765168e-03
2350             -1.02726366e+00 -9.58662393e-02 -7.56639985e-02 -4.33988179e-01 -9.08482997e-02 -7.89481094e-02 -5.93275483e-01 -5.01793967e-03 3.28411090e-03
2360             -1.04257069e+00 -6.39580684e-02 -7.97843475e-02 -4.54301950e-01 -5.97097926e-02 -8.29210688e-02 -5.88268736e-01 -4.24827576e-03 3.13672130e-03
2370             -1.03301339e+00 -1.74542917e-02 -9.90551023e-02 -4.49224207e-01 -1.45515964e-02 -1.01848555e-01 -5.83789187e-01 -2.90269530e-03 2.79345314e-03
2380             -1.04669868e+00 1.66593996e-02 -1.07931153e-01 -4.65083278e-01 1.76784159e-02 -1.10082686e-01 -5.81615406e-01 -1.01901636e-03 2.15153272e-03
2390             -1.06303337e+00 -3.40676177e-02 -1.38886576e-01 -4.81557704e-01 -3.51987011e-02 -1.40108355e-01 -5.81475663e-01 1.13108334e-03 1.22177872e-03
2400             -1.07029670e+00 -1.69713401e-01 -1.63133481e-01 -4.88179658e-01 -1.72718822e-01 -1.63418600e-01 -5.82117046e-01 3.00542140e-03 2.85118863e-04
2410             -1.06759240e+00 -3.14284251e-01 -1.23742964e-01 -4.83745922e-01 -3.18675828e-01 -1.23644404e-01 -5.83846480e-01 4.39157683e-03 -9.85597533e-05
2420             -1.04863135e+00 -3.28017983e-01 -7.53140707e-02 -4.61937657e-01 -3.33058470e-01 -7.52277400e-02 -5.86693689e-01 5.04048661e-03 -8.63306246e-05
2430             -1.02968270e+00 -2.48045481e-01 -1.52449526e-02 -4.38166145e-01 -2.53433398e-01 -1.52261688e-02 -5.91516558e-01 5.38791706e-03 -1.87837110e-05
2440             -1.02429650e+00 -2.14597017e-01 7.91804735e-02 -4.25509475e-01 -2.19921398e-01 7.91412342e-02 -5.98787025e-01 5.32438137e-03 3.92393442e-05
2450             -1.04543611e+00 -1.65755122e-01 1.56499497e-01 -4.37507809e-01 -1.70606017e-01 1.56482973e-01 -6.07928303e-01 4.85089546e-03 1.65243930e-05
2460             -1.06371134e+00 -4.84505260e-02 1.99912417e-01 -4.46811450e-01 -5.23381822e-02 2.00239619e-01 -6.16899886e-01 3.88765617e-03 -3.27201717e-04
2470             -1.07669726e+00 7.83178759e-02 1.92630585e-01 -4.55086989e-01 7.58072202e-02 1.93665816e-01 -6.21610271e-01 2.51065569e-03 -1.03523105e-03
2480             -1.09134229e+00 1.41223628e-01 1.57778159e-01 -4.70397503e-01 1.40013201e-01 1.59502895e-01 -6.20944788e-01 1.21042736e-03 -1.72473585e-03
2490             -1.09060658e+00 1.48270944e-01 1.09177109e-01 -4.73850299e-01 1.47895829e-01 1.11243457e-01 -6.16756283e-01 3.75114417e-04 -2.06634754e-03
2500             -1.07250627e+00 1.49820127e-01 4.17801895e-02 -4.63041459e-01 1.50139898e-01 4.35918327e-02 -6.09464815e-01 -3.19770748e-04 -1.81164319e-03
2510             -1.06212082e+00 1.49238527e-01 -5.52744209e-02 -4.63288843e-01 1.50168202e-01 -5.43638209e-02 -5.98831977e-01 -9.29675529e-04 -9.10599998e-04
2520             -1.05192781e+00 1.12437706e-01 -1.19207288e-01 -4.65591893e-01 1.13675079e-01 -1.19929627e-01 -5.86335917e-01 -1.23737237e-03 7.22338839e-04
2530             -1.03746040e+00 1.42495965e-02 -1.66006648e-01 -4.63072620e-01 1.56050154e-02 -1.68835657e-01 -5.74387776e-01 -1.35541895e-03 2.82900949e-03
2540             -1.01014160e+00 -6.96144756e-02 -1.83128257e-01 -4.44966791e-01 -6.85232398e-02 -1.87966895e-01 -5.65174807e-01 -1.09123580e-03 4.83863751e-03
2550             -9.91590587e-01 -1.34089694e-01 -1.98240996e-01 -4.31759863e-01 -1.33757504e-01 -2.04507458e-01 -5.59830724e-01 -3.32190090e-04 6.26646190e-03
2560             -9.99932350e-01 -1.69916976e-01 -2.15590887e-01 -4.41157788e-01 -1.70553598e-01 -2.22525579e-01 -5.58774563e-01 6.36622053e-04 6.93469196e-03
2570             -9.98147471e-01 -2.03331063e-01 -1.55368476e-01 -4.36451637e-01 -2.04641261e-01 -1.62141331e-01 -5.61695834e-01 1.31019776e-03 6.77285519e-03
2580             -9.93607680e-01 -2.36599756e-01 -6.75909032e-02 -4.25348569e-01 -2.37979039e-01 -7.37206436e-02 -5.68259111e-01 1.37928304e-03 6.12974040e-03
2590             -9.93182462e-01 -2.40369669e-01 1.23182633e-02 -4.16147479e-01 -2.41082818e-01 7.18429160e-03 -5.77034983e-01 7.13148493e-04 5.13397173e-03
2600             -9.95723863e-01 -1.98959893e-01 6.52899455e-02 -4.07669780e-01 -1.99009501e-01 6.12137108e-02 -5.88054083e-01 4.96071594e-05 4.07623468e-03
2610             -1.00593745e+00 -1.43266696e-01 5.57768640e-02 -4.06176423e-01 -1.42847800e-01 5.27213627e-02 -5.99761028e-01 -4.18896268e-04 3.05550127e-03
2620             -1.03843455e+00 -7.21188218e-02 3.03101233e-02 -4.29385778e-01 -7.13821203e-02 2.80114553e-02 -6.09048775e-01 -7.36701498e-04 2.29866804e-03
2630             -1.07512306e+00 -8.45001586e-03 4.16598581e-03 -4.61967169e-01 -7.11908345e-03 2.13289753e-03 -6.13155887e-01 -1.33093240e-03 2.03308827e-03
2640             -1.07758927e+00 4.57364357e-02 -1.93295458e-02 -4.65939047e-01 4.79951945e-02 -2.16680265e-02 -6.11650226e-01 -2.25875878e-03 2.33848077e-03
2650             -1.06341965e+00 7.35286337e-02 -4.92993765e-02 -4.56786172e-01 7.66099616e-02 -5.21527922e-02 -6.06633483e-01 -3.08132795e-03 2.85341573e-03
2660             -1.05707801e+00 3.10870595e-02 -9.71198281e-02 -4.55819202e-01 3.43562856e-02 -1.00360308e-01 -6.01258809e-01 -3.26922607e-03 3.24047999e-03
2670             -1.05077569e+00 -1.70959543e-02 -1.45821179e-01 -4.55631708e-01 -1.41250474e-02 -1.49140372e-01 -5.95143984e-01 -2.97090689e-03 3.31919207e-03
2680             -1.04432360e+00 -8.86047456e-02 -1.76719578e-01 -4.56377689e-01 -8.60766719e-02 -1.79963716e-01 -5.87945908e-01 -2.52807376e-03 3.24413825e-03
2690             -1.05366289e+00 -1.77892407e-01 -1.60659439e-01 -4.72282974e-01 -1.75760849e-01 -1.63848841e-01 -5.81379911e-01 -2.13155798e-03 3.18940254e-03
2700             -1.06563986e+00 -1.89439815e-01 -1.00722111e-01 -4.87534024e-01 -1.87779233e-01 -1.03895965e-01 -5.78105839e-01 -1.66058235e-03 3.17385400e-03
2710             -1.07141884e+00 -1.98373327e-01 -3.11465348e-02 -4.92141453e-01 -1.97352984e-01 -3.41158118e-02 -5.79277385e-01 -1.02034296e-03 2.96927694e-03
2720             -1.06122328e+00 -2.25107539e-01 1.70356621e-02 -4.76167142e-01 -2.24678633e-01 1.42169712e-02 -5.85056141e-01 -4.28905820e-04 2.81869091e-03
2730             -1.05711613e+00 -2.46542351e-01 3.33108739e-02 -4.61520464e-01 -2.46310290e-01 3.05434257e-02 -5.95595669e-01 -2.32061118e-04 2.76744826e-03
2740             -1.07514443e+00 -2.01267574e-01 4.59649344e-02 -4.67098358e-01 -2.00925099e-01 4.32104118e-02 -6.08046071e-01 -3.42475188e-04 2.75452261e-03
2750             -1.08062738e+00 -1.11325213e-01 5.87620246e-02 -4.61396893e-01 -1.10813077e-01 5.61165042e-02 -6.19230483e-01 -5.12136336e-04 2.64552041e-03
2760             -1.07316786e+00 -3.31658344e-02 4.29048936e-02 -4.47238081e-01 -3.26422337e-02 4.03358688e-02 -6.25929777e-01 -5.23600653e-04 2.56902474e-03
2770             -1.08888062e+00 1.89544193e-02 1.93421302e-02 -4.60449375e-01 1.94475620e-02 1.67210034e-02 -6.28431250e-01 -4.93142775e-04 2.62112687e-03
2780             -1.10181361e+00 3.49615159e-02 1.99059849e-03 -4.75402155e-01 3.56106683e-02 -4.85061512e-04 -6.26411457e-01 -6.49152445e-04 2.47566000e-03
2790             -1.11731350e+00 1.64186450e-02 -3.92998450e-02 -4.97716044e-01 1.72751716e-02 -4.15582422e-02 -6.19597453e-01 -8.56526612e-04 2.25839724e-03
2800             -1.11235570e+00 -2.71255160e-03 -8.60878186e-02 -5.02723022e-01 -1.59677307e-03 -8.82273876e-02 -6.09632674e-01 -1.11577853e-03 2.13956899e-03
2810             -1.07190682e+00 -3.05037994e-02 -1.14233153e-01 -4.73194456e-01 -2.91710472e-02 -1.16265148e-01 -5.98712361e-01 -1.33275221e-03 2.03199479e-03
2820             -1.02620080e+00 -9.49426425e-02 -1.34584168e-01 -4.37762636e-01 -9.37837552e-02 -1.36701711e-01 -5.88438169e-01 -1.15888729e-03 2.11754300e-03
2830             -1.00679001e+00 -1.74108246e-01 -1.44089777e-01 -4.27196615e-01 -1.73558698e-01 -1.46208904e-01 -5.79593396e-01 -5.49548123e-04 2.11912674e-03
2840             -9.99200187e-01 -2.56762961e-01 -1.26432232e-01 -4.27292771e-01 -2.57121787e-01 -1.28618091e-01 -5.71907416e-01 3.58825853e-04 2.18585960e-03
2850             -9.96768332e-01 -2.82195063e-01 -1.15870104e-01 -4.30931875e-01 -2.83641053e-01 -1.18302141e-01 -5.65836457e-01 1.44599090e-03 2.43203718e-03
2860             -9.80954002e-01 -2.63392365e-01 -9.05421413e-02 -4.18023615e-01 -2.65682342e-01 -9.32147564e-02 -5.62930388e-01 2.28997695e-03 2.67261516e-03
2870             -9.81161654e-01 -2.51588799e-01 -3.04905832e-02 -4.17250681e-01 -2.54149884e-01 -3.33757046e-02 -5.63910973e-01 2.56108472e-03 2.88512145e-03
2880             -9.92426381e-01 -2.56428388e-01 2.02245298e-02 -4.22854946e-01 -2.58712245e-01 1.72096380e-02 -5.69571435e-01 2.28385651e-03 3.01489185e-03
2890             -1.00709990e+00 -2.42652561e-01 3.56464842e-02 -4.27955318e-01 -2.44706591e-01 3.24453476e-02 -5.79144581e-01 2.05402969e-03 3.20113661e-03
2900             -1.01775341e+00 -1.63111268e-01 1.94536575e-02 -4.27704787e-01 -1.65223398e-01 1.59553901e-02 -5.90048624e-01 2.11213008e-03 3.49826734e-03
2910             -1.02694129e+00 -1.11254452e-01 -3.13947523e-03 -4.27134285e-01 -1.13599845e-01 -7.13309173e-03 -5.99807004e-01 2.34539301e-03 3.99361650e-03
2920             -1.04066699e+00 -7.65419865e-02 -1.22342130e-02 -4.34151259e-01 -7.89559921e-02 -1.67306930e-02 -6.06515727e-01 2.41400558e-03 4.49648003e-03
2930             -1.05653386e+00 -3.63782749e-02 -2.82047489e-02 -4.48660296e-01 -3.86422880e-02 -3.32819036e-02 -6.07873564e-01 2.26401307e-03 5.07715472e-03
2940             -1.05911359e+00 -4.49621036e-02 -6.57972859e-02 -4.53692292e-01 -4.69095537e-02 -7.15924504e-02 -6.05421298e-01 1.94745007e-03 5.79516448e-03
2950             -1.04868272e+00 -5.73389253e-02 -8.00229758e-02 -4.46841655e-01 -5.86305415e-02 -8.61911230e-02 -6.01841064e-01 1.29161617e-03 6.16814725e-03
2960             -1.04270606e+00 -7.00541247e-02 -6.60199978e-02 -4.43905677e-01 -7.04967978e-02 -7.18812761e-02 -5.98800379e-01 4.42673152e-04 5.86127826e-03
2970             -1.05991763e+00 -8.54203410e-02 -5.31025042e-02 -4.63937211e-01 -8.50135014e-02 -5.84901053e-02 -5.95980418e-01 -4.06839646e-04 5.38760105e-03
2980             -1.06939590e+00 -9.90013523e-02 -4.60694596e-02 -4.77232135e-01 -9.77940387e-02 -5.11444614e-02 -5.92163765e-01 -1.20731357e-03 5.07500180e-03
2990             -1.08520893e+00 -1.36044269e-01 -2.19759503e-02 -4.96919273e-01 -1.34185755e-01 -2.67572265e-02 -5.88289657e-01 -1.85851395e-03 4.78127615e-03
3000             -1.09393418e+00 -1.89422747e-01 -5.07807470e-03 -5.07659193e-01 -1.87074441e-01 -9.62600481e-03 -5.86274989e-01 -2.34830618e-03 4.54793011e-03
3010             -1.07135987e+00 -2.25724484e-01 5.77217999e-02 -4.82970403e-01 -2.23635013e-01 5.31902718e-02 -5.88389470e-01 -2.08947049e-03 4.53152809e-03
3020             -1.05149195e+00 -2.12396013e-01 1.25092488e-01 -4.57621385e-01 -2.10923909e-01 1.20357306e-01 -5.93870569e-01 -1.47210375e-03 4.73518263e-03
3030             -1.04916604e+00 -1.30732051e-01 1.60539459e-01 -4.48448736e-01 -1.29826988e-01 1.55668795e-01 -6.00717302e-01 -9.05063381e-04 4.87066461e-03
3040             -1.07744046e+00 -4.61465158e-02 1.87174697e-01 -4.69802008e-01 -4.59788577e-02 1.82557752e-01 -6.07638457e-01 -1.67658104e-04 4.61694471e-03
3050             -1.10426173e+00 -7.36229694e-03 2.09045949e-01 -4.91384797e-01 -8.17906019e-03 2.05279701e-01 -6.12876935e-01 8.16763249e-04 3.76624827e-03
3060             -1.09475256e+00 1.22003705e-02 1.96793948e-01 -4.79253415e-01 1.05397924e-02 1.94479053e-01 -6.15499145e-01 1.66057803e-03 2.31489520e-03
3070             -1.05789464e+00 1.18950763e-02 1.38676108e-01 -4.45060639e-01 9.78544068e-03 1.38052926e-01 -6.12834004e-01 2.10963563e-03 6.23182173e-04
3080             -1.02574191e+00 1.41770655e-02 8.71537026e-02 -4.19337605e-01 1.20289303e-02 8.78306195e-02 -6.06404307e-01 2.14813523e-03 -6.76916978e-04
3090             -1.01289945e+00 1.75653007e-02 5.55603340e-02 -4.15855411e-01 1.60025986e-02 5.71776590e-02 -5.97044041e-01 1.56270207e-03 -1.61732505e-03
3100             -1.00400440e+00 1.60443419e-02 2.90383433e-02 -4.18021523e-01 1.54581723e-02 3.14092650e-02 -5.85982878e-01 5.86169605e-04 -2.37092173e-03
3110             -9.97568658e-01 -2.89805379e-02 -7.18167542e-03 -4.22526554e-01 -2.85159153e-02 -4.53814731e-03 -5.75042104e-01 -4.64622645e-04 -2.64352811e-03
3120             -9.80714194e-01 -1.20406741e-01 -2.60693134e-02 -4.14189993e-01 -1.18890421e-01 -2.38003316e-02 -5.66524201e-01 -1.51632041e-03 -2.26898175e-03
3130             -9.63957370e-01 -1.99131366e-01 -3.03799951e-03 -4.02017638e-01 -1.97085603e-01 -1.25232297e-03 -5.61939732e-01 -2.04576295e-03 -1.78567654e-03
3140             -9.62688443e-01 -2.21597986e-01 3.73308727e-02 -4.00778227e-01 -2.20102068e-01 3.85262396e-02 -5.61910216e-01 -1.49591776e-03 -1.19536696e-03
3150             -9.67440076e-01 -2.48073057e-01 9.98946077e-02 -4.01005624e-01 -2.47457988e-01 1.00231886e-01 -5.66434452e-01 -6.15068398e-04 -3.37277958e-04
3160             -9.91928222e-01 -2.60152668e-01 1.80015508e-01 -4.17616637e-01 -2.60249606e-01 1.79597625e-01 -5.74311585e-01 9.69375538e-05 4.17882903e-04
3170             -1.01158611e+00 -1.75093935e-01 1.84721082e-01 -4.27841106e-01 -1.75223189e-01 1.83858484e-01 -5.83745005e-01 1.29253898e-04 8.62597445e-04
3180             -1.03565554e+00 -5.92948859e-02 1.37750600e-01 -4.40059805e-01 -5.88600815e-02 1.36620313e-01 -5.95595739e-01 -4.34804412e-04 1.13028736e-03
3190             -1.05356124e+00 4.65278136e-02 9.43535680e-02 -4.44134756e-01 4.78624426e-02 9.33253677e-02 -6.09426480e-01 -1.33462899e-03 1.02820030e-03
3200             -1.06732987e+00 1.17348702e-01 -8.41278848e-03 -4.45297221e-01 1.19843388e-01 -9.09894139e-03 -6.22032654e-01 -2.49468578e-03 6.86152913e-04
3210             -1.09248442e+00 1.61808713e-01 -1.12089935e-01 -4.62348348e-01 1.65320300e-01 -1.12778269e-01 -6.30136069e-01 -3.51158684e-03 6.88333756e-04
3220             -1.14479554e+00 1.26628079e-01 -1.78915943e-01 -5.12610073e-01 1.31142908e-01 -1.80142294e-01 -6.32185470e-01 -4.51482884e-03 1.22635124e-03
3230             -1.18762267e+00 2.92676856e-02 -2.36041902e-01 -5.59339142e-01 3.51232633e-02 -2.38347024e-01 -6.28283531e-01 -5.85557771e-03 2.30512286e-03
3240             -1.18364638e+00 -1.01478670e-01 -2.93733330e-01 -5.64620444e-01 -9.44479331e-02 -2.97032951e-01 -6.19025936e-01 -7.03073667e-03 3.29962056e-03
3250             -1.13717606e+00 -2.02972544e-01 -3.03959328e-01 -5.29164473e-01 -1.95371998e-01 -3.07904991e-01 -6.08011588e-01 -7.60054633e-03 3.94566297e-03
3260             -1.08712962e+00 -2.50580952e-01 -2.75808479e-01 -4.89942438e-01 -2.42751625e-01 -2.80454672e-01 -5.97187186e-01 -7.82932726e-03 4.64619304e-03
3270             -1.07687170e+00 -3.04281917e-01 -2.55220246e-01 -4.88856734e-01 -2.96836701e-01 -2.60769970e-01 -5.88014963e-01 -7.44521610e-03 5.54972359e-03
3280             -1.08083890e+00 -3.33293019e-01 -1.95557436e-01 -5.00230545e-01 -3.27166019e-01 -2.01388483e-01 -5.80608353e-01 -6.12700030e-03 5.83104679e-03
3290             -1.05329597e+00 -3.15545839e-01 -1.19742532e-01 -4.77826937e-01 -3.11265111e-01 -1.24750394e-01 -5.75469038e-01 -4.28072870e-03 5.00786209e-03
3300             -1.02861724e+00 -2.92624682e-01 -1.82377265e-02 -4.55405759e-01 -2.90131674e-01 -2.21855190e-02 -5.73211476e-01 -2.49300757e-03 3.94779243e-03
3310             -1.02832027e+00 -2.77480657e-01 9.06403625e-02 -4.54184143e-01 -2.76521566e-01 8.76406129e-02 -5.74136125e-01 -9.59091751e-04 2.99974963e-03
3320             -1.03696563e+00 -2.63577214e-01 1.38968295e-01 -4.58362311e-01 -2.63778596e-01 1.36960405e-01 -5.78603319e-01 2.01381586e-04 2.00789023e-03
3330             -1.04823420e+00 -1.99788617e-01 1.11113969e-01 -4.63690476e-01 -2.00485900e-01 1.10058926e-01 -5.84543719e-01 6.97283059e-04 1.05504270e-03
3340             -1.04580303e+00 -1.23040015e-01 7.02169927e-02 -4.56300767e-01 -1.23541917e-01 7.00714628e-02 -5.89502262e-01 5.01901868e-04 1.45529903e-04
3350             -1.04392854e+00 -5.31671924e-02 2.40823377e-02 -4.51767327e-01 -5.31172945e-02 2.51685266e-02 -5.92161213e-01 -4.98978774e-05 -1.08618891e-03
3360             -1.06944909e+00 9.35753676e-03 2.67111139e-02 -4.77733377e-01 1.02214045e-02 2.89995190e-02 -5.91715713e-01 -8.63867723e-04 -2.28840508e-03
3370             -1.09277296e+00 1.80101922e-02 5.89117623e-02 -5.04995554e-01 2.01586482e-02 6.17685020e-02 -5.87777407e-01 -2.14845597e-03 -2.85673966e-03
3380             -1.07879586e+00 -2.52701546e-02 6.65412282e-02 -4.97526801e-01 -2.15457707e-02 6.93745262e-02 -5.81269062e-01 -3.72438389e-03 -2.83329805e-03
3390             -1.03910692e+00 -6.95592022e-02 4.37784752e-02 -4.64355185e-01 -6.44790259e-02 4.58988706e-02 -5.74751734e-01 -5.08017628e-03 -2.12039546e-03
3400             -1.01238332e+00 -6.01838426e-02 2.94803534e-02 -4.43437732e-01 -5.47160444e-02 3.06025915e-02 -5.68945588e-01 -5.46779818e-03 -1.12223816e-03
3410             -9.96730136e-01 -7.11854784e-02 9.31751603e-02 -4.33396844e-01 -6.62016465e-02 9.36080166e-02 -5.63333293e-01 -4.98383184e-03 -4.32856333e-04
3420             -9.60587540e-01 -1.13884971e-01 1.59015914e-01 -4.02211567e-01 -1.09901122e-01 1.59002129e-01 -5.58375973e-01 -3.98384834e-03 1.37848432e-05
3430             -9.29444379e-01 -1.43192646e-01 1.86927855e-01 -3.73933412e-01 -1.39981630e-01 1.86804126e-01 -5.55510967e-01 -3.21101562e-03 1.23728804e-04
3440             -9.32655881e-01 -8.94701736e-02 1.82739622e-01 -3.78477344e-01 -8.70269934e-02 1.82598979e-01 -5.54178537e-01 -2.44318022e-03 1.40643037e-04
3450             -9.53874139e-01 1.26648009e-02 1.74052822e-01 -3.98727491e-01 1.39328299e-02 1.73936758e-01 -5.55146648e-01 -1.26802904e-03 1.16063784e-04
3460             -9.80520605e-01 9.45824578e-02 1.46847366e-01 -4.20622306e-01 9.48080639e-02 1.47527093e-01 -5.59898298e-01 -2.25606133e-04 -6.79727257e-04
3470             -1.00567847e+00 1.15091239e-01 5.18158673e-02 -4.37193538e-01 1.14706583e-01 5.37233970e-02 -5.68484929e-01 3.84655683e-04 -1.90752977e-03
3480             -1.00451446e+00 1.05458048e-01 -5.82730945e-02 -4.26040980e-01 1.04784938e-01 -5.47212243e-02 -5.78473482e-01 6.73110777e-04 -3.55187015e-03
3490             -9.82157499e-01 6.44907239e-02 -9.47014356e-02 -3.94091582e-01 6.36600474e-02 -8.93607655e-02 -5.88065916e-01 8.30676473e-04 -5.34067013e-03
3500             -9.87939580e-01 3.07557447e-02 -9.50471290e-02 -3.91085928e-01 3.01163440e-02 -8.85092687e-02 -5.96853652e-01 6.39400646e-04 -6.53786023e-03
3510             -1.02200803e+00 -1.85540041e-02 -1.23694034e-01 -4.18409474e-01 -1.85808951e-02 -1.16980666e-01 -6.03598560e-01 2.68909671e-05 -6.71336799e-03
3520             -1.06834177e+00 -6.49777840e-02 -1.51644551e-01 -4.62069431e-01 -6.39857734e-02 -1.45381508e-01 -6.06272341e-01 -9.92010554e-04 -6.26304299e-03
3530             -1.08415997e+00 -8.50885918e-02 -1.23592390e-01 -4.80059761e-01 -8.25434378e-02 -1.17673844e-01 -6.04100209e-01 -2.54515395e-03 -5.91854591e-03
3540             -1.06985698e+00 -1.22477994e-01 -3.75554913e-02 -4.70806997e-01 -1.18565934e-01 -3.16769463e-02 -5.99049978e-01 -3.91205969e-03 -5.87854503e-03
3550             -1.05996845e+00 -1.77786858e-01 6.54913266e-02 -4.67075777e-01 -1.73233179e-01 7.10543219e-02 -5.92892669e-01 -4.55367941e-03 -5.56299534e-03
3560             -1.06459954e+00 -1.80209480e-01 1.28644771e-01 -4.77811139e-01 -1.75771191e-01 1.33840995e-01 -5.86788403e-01 -4.43828888e-03 -5.19622354e-03
3570             -1.04944303e+00 -1.86685891e-01 1.11279732e-01 -4.66788893e-01 -1.83082398e-01 1.16491642e-01 -5.82654137e-01 -3.60349264e-03 -5.21190968e-03
3580             -1.03807289e+00 -1.40375434e-01 8.99461675e-02 -4.57166333e-01 -1.37896905e-01 9.50102035e-02 -5.80906554e-01 -2.47852925e-03 -5.06403597e-03
3590             -1.04799108e+00 -8.84498439e-02 8.65651687e-02 -4.66536467e-01 -8.70451426e-02 9.06751428e-02 -5.81454613e-01 -1.40470125e-03 -4.10997415e-03
3600             -1.03583862e+00 -8.33638822e-02 7.64966214e-02 -4.52791638e-01 -8.27251654e-02 7.94082678e-02 -5.83046986e-01 -6.38716850e-04 -2.91164648e-03
3610             -1.02685847e+00 -7.05542648e-02 9.40580973e-02 -4.42100177e-01 -7.05754765e-02 9.59250375e-02 -5.84758296e-01 2.12116448e-05 -1.86694015e-03
3620             -1.03000666e+00 -4.09531902e-02 8.31134517e-02 -4.42850631e-01 -4.16301491e-02 8.45954791e-02 -5.87156034e-01 6.76958866e-04 -1.48202736e-03
3630             -1.01880778e+00 -2.00749870e-02 4.96084331e-02 -4.29413031e-01 -2.08838892e-02 5.14600581e-02 -5.89394753e-01 8.08902215e-04 -1.85162494e-03
3640             -1.00150002e+00 4.73557767e-03 4.06230546e-02 -4.11004162e-01 4.62892150e-03 4.30585927e-02 -5.90495855e-01 1.06656173e-04 -2.43553812e-03
3650             -1.01596477e+00 3.77851120e-02 2.59447291e-02 -4.27086516e-01 3.89031776e-02 2.90551062e-02 -5.88878255e-01 -1.11806556e-03 -3.11037716e-03
3660             -1.04751977e+00 5.75134913e-02 2.81650321e-02 -4.63765688e-01 6.03707667e-02 3.16422399e-02 -5.83754079e-01 -2.85727538e-03 -3.47720781e-03
3670             -1.07112191e+00 2.17271987e-02 -4.99530338e-03 -4.94656757e-01 2.66813282e-02 -1.39979553e-03 -5.76465158e-01 -4.95412952e-03 -3.59550785e-03
3680             -1.07650455e+00 2.86913550e-03 -5.02833512e-03 -5.08000218e-01 9.81588626e-03 -1.77348494e-03 -5.68504328e-01 -6.94675076e-03 -3.25485018e-03
3690             -1.07467722e+00 -2.42820381e-03 -1.96333724e-02 -5.12892484e-01 6.04242034e-03 -1.73455154e-02 -5.61784735e-01 -8.47062414e-03 -2.28785708e-03
3700             -1.06727883e+00 -6.79438008e-02 -2.06340999e-02 -5.09984388e-01 -5.88217059e-02 -2.00013363e-02 -5.57294437e-01 -9.12209491e-03 -6.32763604e-04
3710             -1.04692451e+00 -1.40729428e-01 1.99626213e-02 -4.92124101e-01 -1.32247820e-01 1.85902802e-02 -5.54800408e-01 -8.48160746e-03 1.37234114e-03
3720             -1.00242249e+00 -1.74500715e-01 7.22149174e-02 -4.50011175e-01 -1.67501086e-01 6.91271706e-02 -5.52411316e-01 -6.99962850e-03 3.08774683e-03
3730             -9.70206896e-01 -1.92525491e-01 1.13736254e-01 -4.19420501e-01 -1.87094122e-01 1.09385610e-01 -5.50786395e-01 -5.43136902e-03 4.35064431e-03
3740             -9.71703021e-01 -1.41224240e-01 1.46072964e-01 -4.19713768e-01 -1.37048755e-01 1.40839452e-01 -5.51989253e-01 -4.17548471e-03 5.23351224e-03
3750             -9.94886630e-01 -1.23345439e-01 1.31724158e-01 -4.39111926e-01 -1.20365026e-01 1.25981713e-01 -5.55774704e-01 -2.98041377e-03 5.74244554e-03
3760             -1.01174616e+00 -1.40243562e-01 8.66538624e-02 -4.50704193e-01 -1.38246755e-01 8.10856368e-02 -5.61041964e-01 -1.99680725e-03 5.56822562e-03
3770             -1.00000680e+00 -1.46218477e-01 3.41054237e-02 -4.31955068e-01 -1.44699846e-01 2.94786288e-02 -5.68051734e-01 -1.51863032e-03 4.62679484e-03
3780             -9.85432322e-01 -1.49596730e-01 2.08369604e-03 -4.09330892e-01 -1.47993768e-01 -1.36941607e-03 -5.76101430e-01 -1.60296196e-03 3.45311212e-03
3790             -9.97466855e-01 -1.03894172e-01 3.87284789e-03 -4.14969419e-01 -1.01831827e-01 1.35115055e-03 -5.82497436e-01 -2.06234530e-03 2.52169733e-03
3800             -1.01548684e+00 -5.65556964e-02 -3.50870357e-03 -4.28466435e-01 -5.37234878e-02 -5.42682947e-03 -5.87020406e-01 -2.83220862e-03 1.91812590e-03
3810             -1.03072696e+00 -3.37062861e-02 -5.39947347e-02 -4.40772199e-01 -3.00001885e-02 -5.55753823e-02 -5.89954761e-01 -3.70609755e-03 1.58064759e-03
3820             -1.04517351e+00 -9.66475318e-03 -1.03841321e-01 -4.55491160e-01 -5.07593860e-03 -1.05264665e-01 -5.89682352e-01 -4.58881458e-03 1.42334456e-03
3830             -1.03244677e+00 -6.10053191e-03 -9.47884936e-02 -4.47201494e-01 -8.61004340e-04 -9.61043704e-02 -5.85245272e-01 -5.23952757e-03 1.31587686e-03
3840             -1.00316206e+00 5.68246969e-04 -1.15993758e-01 -4.24890123e-01 6.09794777e-03 -1.17353014e-01 -5.78271937e-01 -5.52970080e-03 1.35925631e-03
3850             -9.75607567e-01 -4.40572748e-03 -1.45319386e-01 -4.05710434e-01 1.14368366e-03 -1.46840503e-01 -5.69897133e-01 -5.54941114e-03 1.52111756e-03
3860             -9.54818600e-01 -8.23102436e-02 -1.45742415e-01 -3.93010588e-01 -7.71333164e-02 -1.47660458e-01 -5.61808012e-01 -5.17692723e-03 1.91804287e-03
3870             -9.57184276e-01 -1.59192806e-01 -1.12213344e-01 -4.01260137e-01 -1.54510670e-01 -1.14401032e-01 -5.55924139e-01 -4.68213647e-03 2.18768789e-03
3880             -9.72984838e-01 -1.53747764e-01 -8.34880612e-02 -4.20029735e-01 -1.49645526e-01 -8.58423173e-02 -5.52955102e-01 -4.10223787e-03 2.35425615e-03
3890             -9.80760505e-01 -1.16994261e-01 -8.78098370e-02 -4.27604164e-01 -1.13755172e-01 -9.04239537e-02 -5.53156342e-01 -3.23908890e-03 2.61411671e-03
3900             -9.85945592e-01 -1.21058709e-01 -8.29457729e-02 -4.28830723e-01 -1.18842332e-01 -8.57749925e-02 -5.57114868e-01 -2.21637694e-03 2.82921957e-03
3910             -9.95274892e-01 -1.01453839e-01 -8.19538400e-02 -4.29936847e-01 -1.00136376e-01 -8.45732417e-02 -5.65338045e-01 -1.31746217e-03 2.61940172e-03
3920             -1.00869778e+00 -7.35217153e-02 -5.67111715e-02 -4.32229369e-01 -7.23673125e-02 -5.87340918e-02 -5.76468407e-01 -1.15440284e-03 2.02292030e-03
3930             -1.02662401e+00 -1.78286027e-02 -3.05553644e-02 -4.37764246e-01 -1.62016934e-02 -3.17024320e-02 -5.88859762e-01 -1.62690929e-03 1.14706764e-03
3940             -1.04376806e+00 2.21126823e-02 -2.27192510e-02 -4.44262641e-01 2.48082578e-02 -2.27827287e-02 -5.99505421e-01 -2.69557550e-03 6.34777448e-05
3950             -1.05885021e+00 3.06020443e-03 -4.57249275e-02 -4.53418856e-01 7.27779883e-03 -4.48524222e-02 -6.05431354e-01 -4.21759440e-03 -8.72505308e-04
3960             -1.07249979e+00 -5.70754344e-02 -7.30104191e-02 -4.65722809e-01 -5.15941562e-02 -7.11322764e-02 -6.06776977e-01 -5.48127820e-03 -1.87814264e-03
3970             -1.07325891e+00 -6.88349436e-02 -5.08221392e-02 -4.68853061e-01 -6.21835060e-02 -4.80279051e-02 -6.04405849e-01 -6.65143763e-03 -2.79423408e-03
3980             -1.05954429e+00 -3.12781491e-02 -2.96798892e-02 -4.60175101e-01 -2.34230159e-02 -2.66590326e-02 -5.99369188e-01 -7.85513324e-03 -3.02085658e-03
3990             -1.04087488e+00 -1.08789135e-02 -3.74655994e-02 -4.47662785e-01 -2.23579849e-03 -3.50867085e-02 -5.93212097e-01 -8.64311505e-03 -2.37889091e-03
4000             -1.02216397e+00 -2.22806400e-02 -7.77736531e-02 -4.37449710e-01 -1.33570034e-02 -7.65792381e-02 -5.84714256e-01 -8.92363658e-03 -1.19441500e-03
4010             -9.99088741e-01 -9.02439419e-02 -5.58140332e-02 -4.25286182e-01 -8.14386513e-02 -5.59015621e-02 -5.73802559e-01 -8.80529052e-03 8.75289525e-05
4020             -9.89743335e-01 -1.04184412e-01 2.09699478e-02 -4.27340752e-01 -9.60549248e-02 1.97195015e-02 -5.62402583e-01 -8.12948712e-03 1.25044623e-03
4030             -9.89575369e-01 -1.07096991e-01 5.07552827e-02 -4.36943093e-01 -1.00716092e-01 4.84756613e-02 -5.52632275e-01 -6.38089822e-03 2.27962138e-03
4040             -9.71551935e-01 -1.46033056e-01 3.06912501e-02 -4.25785075e-01 -1.42202404e-01 2.74637044e-02 -5.45766861e-01 -3.83065170e-03 3.22754570e-03
4050             -9.49102951e-01 -1.43037591e-01 -3.20171128e-02 -4.06759947e-01 -1.41117302e-01 -3.60513645e-02 -5.42343003e-01 -1.92028992e-03 4.03425168e-03
4060             -9.62710314e-01 -8.21195319e-02 -8.04606105e-02 -4.18984532e-01 -8.08457708e-02 -8.49985805e-02 -5.43725781e-01 -1.27376113e-03 4.53797000e-03
4070             -9.83740984e-01 -1.14376012e-02 -1.08334486e-01 -4.32631951e-01 -9.87685869e-03 -1.12685097e-01 -5.51109034e-01 -1.56074254e-03 4.35061050e-03
4080             -1.01666163e+00 -3.64522000e-03 -1.36733287e-01 -4.52422320e-01 -1.47251091e-03 -1.40429642e-01 -5.64239309e-01 -2.17270908e-03 3.69635512e-03
4090             -1.04958875e+00 -4.16552843e-02 -1.16457112e-01 -4.68492536e-01 -3.91231726e-02 -1.19515073e-01 -5.81096216e-01 -2.53211161e-03 3.05796017e-03
4100             -1.06853594e+00 -6.99164944e-02 -8.30439904e-02 -4.70257900e-01 -6.73075469e-02 -8.54231973e-02 -5.98278044e-01 -2.60894748e-03 2.37920686e-03
4110             -1.07714331e+00 -8.21458753e-02 -1.36283018e-01 -4.66664611e-01 -7.94333967e-02 -1.38223607e-01 -6.10478703e-01 -2.71247857e-03 1.94058886e-03
4120             -1.09110566e+00 -7.69417983e-02 -1.91928116e-01 -4.76102159e-01 -7.41870869e-02 -1.93515246e-01 -6.15003500e-01 -2.75471135e-03 1.58712976e-03
4130             -1.06238198e+00 -7.95423364e-02 -1.71925524e-01 -4.49782510e-01 -7.68757967e-02 -1.73263616e-01 -6.12599474e-01 -2.66653967e-03 1.33809191e-03
4140             -1.04126129e+00 -9.14588676e-02 -1.46733074e-01 -4.35311356e-01 -8.86509735e-02 -1.48082343e-01 -6.05949935e-01 -2.80789406e-03 1.34926992e-03
4150             -1.02727158e+00 -1.24285379e-01 -1.91888917e-01 -4.29866183e-01 -1.21180489e-01 -1.93315925e-01 -5.97405392e-01 -3.10489072e-03 1.42700807e-03
4160             -1.04067895e+00 -1.47712128e-01 -2.44761713e-01 -4.53173634e-01 -1.44520081e-01 -2.46062555e-01 -5.87505316e-01 -3.19204684e-03 1.30084187e-03
4170             -1.04634904e+00 -1.44507084e-01 -2.23167917e-01 -4.70043911e-01 -1.41533008e-01 -2.24264378e-01 -5.76305127e-01 -2.97407667e-03 1.09646099e-03
4180             -1.02638383e+00 -1.69283109e-01 -2.15599448e-01 -4.60610172e-01 -1.66581462e-01 -2.16563726e-01 -5.65773661e-01 -2.70164664e-03 9.64277685e-04
4190             -1.01473050e+00 -1.93988867e-01 -2.10259748e-01 -4.54442381e-01 -1.91443060e-01 -2.11155942e-01 -5.60288120e-01 -2.54580680e-03 8.96193896e-04
4200             -1.01025695e+00 -2.13511046e-01 -1.87137449e-01 -4.50319395e-01 -2.11077120e-01 -1.87891993e-01 -5.59937552e-01 -2.43392564e-03 7.54543966e-04
4210             -1.01190184e+00 -2.41054301e-01 -1.45588955e-01 -4.47525615e-01 -2.38784583e-01 -1.46091085e-01 -5.64376227e-01 -2.26971837e-03 5.02129526e-04
4220             -1.01981268e+00 -2.43186686e-01 -7.39018539e-02 -4.47205719e-01 -2.41376470e-01 -7.41312490e-02 -5.72606964e-01 -1.81021630e-03 2.29395133e-04
4230             -1.01012823e+00 -2.66750947e-01 -1.61891588e-02 -4.26817091e-01 -2.65760960e-01 -1.59865169e-02 -5.83311143e-01 -9.89986425e-04 -2.02641963e-04
4240             -9.98521498e-01 -2.98686716e-01 7.71542550e-02 -4.03065154e-01 -2.98516274e-01 7.78893904e-02 -5.95456344e-01 -1.70442133e-04 -7.35135408e-04
4250             -1.01495949e+00 -2.79508923e-01 1.08317943e-01 -4.07978054e-01 -2.79550193e-01 1.09599097e-01 -6.06981435e-01 4.12702374e-05 -1.28115373e-03
4260             -1.05851763e+00 -1.78706443e-01 1.10669718e-01 -4.42978153e-01 -1.78178034e-01 1.12242557e-01 -6.15539479e-01 -5.28409584e-04 -1.57283884e-03
4270             -1.07678912e+00 -4.54966598e-02 1.17217538e-01 -4.58179461e-01 -4.41253181e-02 1.18566403e-01 -6.18609663e-01 -1.37134171e-03 -1.34886519e-03
4280             -1.06984031e+00 5.30653287e-02 9.11066271e-02 -4.54180989e-01 5.51836201e-02 9.16421276e-02 -6.15659322e-01 -2.11829139e-03 -5.35500485e-04
4290             -1.05627387e+00 1.05904339e-01 2.86433976e-02 -4.48508810e-01 1.08492847e-01 2.79912990e-02 -6.07765061e-01 -2.58850760e-03 6.52098585e-04
4300             -1.03859922e+00 1.10611946e-01 -2.25757470e-02 -4.42777221e-01 1.13187712e-01 -2.43108733e-02 -5.95822000e-01 -2.57576572e-03 1.73512630e-03
4310             -1.03228953e+00 8.66666523e-02 -6.07106445e-02 -4.51012535e-01 8.90825328e-02 -6.31498637e-02 -5.81276998e-01 -2.41588047e-03 2.43921917e-03
4320             -1.00671800e+00 2.10740560e-02 -1.15349526e-01 -4.40500111e-01 2.34168552e-02 -1.18158896e-01 -5.66217886e-01 -2.34279919e-03 2.80937007e-03
4330             -9.68772333e-01 -5.90328457e-02 -1.40935847e-01 -4.14945057e-01 -5.68420492e-02 -1.44402486e-01 -5.53827277e-01 -2.19079647e-03 3.46663885e-03
4340             -9.52037912e-01 -1.03611067e-01 -1.80876566e-01 -4.06743418e-01 -1.01835231e-01 -1.85104183e-01 -5.45294494e-01 -1.77583604e-03 4.22761691e-03
4350             -9.53648670e-01 -1.14656143e-01 -2.12572139e-01 -4.12828730e-01 -1.13562080e-01 -2.17282037e-01 -5.40819940e-01 -1.09406256e-03 4.70989773e-03
4360             -9.61401406e-01 -1.61989635e-01 -2.39551193e-01 -4.20534984e-01 -1.61076543e-01 -2.44522606e-01 -5.40866422e-01 -9.13091914e-04 4.97141283e-03
4370             -9.71657286e-01 -2.05602774e-01 -2.01543402e-01 -4.24975378e-01 -2.04634887e-01 -2.06333346e-01 -5.46681907e-01 -9.67886846e-04 4.78994308e-03
4380             -9.58099896e-01 -1.78823788e-01 -1.55109750e-01 -4.00678377e-01 -1.77647903e-01 -1.59573211e-01 -5.57421519e-01 -1.17588571e-03 4.46346030e-03
4390             -9.58027286e-01 -1.46048123e-01 -1.26883952e-01 -3.87122851e-01 -1.44495543e-01 -1.31145285e-01 -5.70904435e-01 -1.55257958e-03 4.26133223e-03
4400             -9.83656941e-01 -1.23611129e-01 -6.95593799e-02 -3.99801134e-01 -1.21634371e-01 -7.33861354e-02 -5.83855807e-01 -1.97675835e-03 3.82675551e-03
4410             -1.01506487e+00 -1.09813483e-01 -1.31354656e-02 -4.20796808e-01 -1.07622416e-01 -1.58839309e-02 -5.94268057e-01 -2.19106758e-03 2.74846530e-03
4420             -1.02534221e+00 -7.87934986e-02 -4.06331546e-02 -4.24972194e-01 -7.66862086e-02 -4.24408520e-02 -6.00370012e-01 -2.10728998e-03 1.80769743e-03
4430             -1.03552982e+00 -6.12851242e-02 -7.65720507e-02 -4.34632262e-01 -5.97392976e-02 -7.77983867e-02 -6.00897555e-01 -1.54582660e-03 1.22633600e-03
4440             -1.05632342e+00 -5.99819878e-02 -7.14345402e-02 -4.59734159e-01 -5.89715437e-02 -7.20461534e-02 -5.96589261e-01 -1.01044416e-03 6.11613177e-04
4450             -1.06465033e+00 -4.82040061e-02 -4.81357149e-02 -4.75147461e-01 -4.72261557e-02 -4.82031279e-02 -5.89502870e-01 -9.77850432e-04 6.74129279e-05
4460             -1.06889142e+00 -1.58317986e-03 -1.93425039e-02 -4.87297553e-01 -4.37873393e-04 -1.92650519e-02 -5.81593865e-01 -1.14530646e-03 -7.74519897e-05
