# Force         
# CofR          : (0.00000000e+00 0.00000000e+00 0.00000000e+00)
#
# Time          	total_x total_y total_z	pressure_x pressure_y pressure_z	viscous_x viscous_y viscous_z
10               1.86808327e+01 -7.97671012e-01 1.43627157e-01 1.83825043e+01 -8.00709390e-01 1.34328011e-01 2.98328382e-01 3.03837786e-03 9.29914637e-03
20               -8.29454956e+01 -1.17407138e-01 4.39056234e-03 -8.30738939e+01 -1.05582742e-01 -1.02716896e-02 1.28398282e-01 -1.18243958e-02 1.46622520e-02
30               -7.14197216e+01 -4.45638019e-01 3.28982795e-01 -7.15341938e+01 -4.32389625e-01 3.11670912e-01 1.14472162e-01 -1.32483937e-02 1.73118825e-02
40               -6.21983817e+01 -5.10179469e-01 6.37365938e-01 -6.23114624e+01 -4.96396145e-01 6.21841840e-01 1.13080657e-01 -1.37833239e-02 1.55240979e-02
50               -5.16663766e+01 -4.16076720e-01 6.13629562e-01 -5.17956106e+01 -4.01199358e-01 6.04092094e-01 1.29234009e-01 -1.48773622e-02 9.53746755e-03
60               -3.82801449e+01 -1.78866492e-01 4.33368592e-01 -3.84401495e+01 -1.63033464e-01 4.29750966e-01 1.60004517e-01 -1.58330274e-02 3.61762534e-03
70               -2.78728233e+01 4.76096140e-02 2.42649602e-01 -2.80710884e+01 6.72506878e-02 2.40600198e-01 1.98265086e-01 -1.96410738e-02 2.04940489e-03
80               -2.14815274e+01 2.93149203e-01 2.00461460e-01 -2.17159942e+01 3.17136621e-01 1.97700504e-01 2.34466870e-01 -2.39874188e-02 2.76095598e-03
90               -1.81714455e+01 1.74693623e-01 2.32290114e-01 -1.84395844e+01 2.03445899e-01 2.30354530e-01 2.68138888e-01 -2.87522756e-02 1.93558417e-03
100              -1.81930798e+01 -1.92769633e-01 1.34894048e-01 -1.84911333e+01 -1.59088796e-01 1.35714399e-01 2.98053534e-01 -3.36808372e-02 -8.20350485e-04
110              -2.05303047e+01 -9.53165600e-02 -3.34274942e-01 -2.08494973e+01 -5.85677563e-02 -3.31809384e-01 3.19192620e-01 -3.67488037e-02 -2.46555837e-03
120              -2.24550582e+01 5.86287002e-01 -6.91447884e-01 -2.27892539e+01 6.25237646e-01 -6.90665693e-01 3.34195647e-01 -3.89506439e-02 -7.82191322e-04
130              -2.33182721e+01 1.04549549e+00 -7.76618975e-01 -2.36638842e+01 1.08738770e+00 -7.78142381e-01 3.45612021e-01 -4.18922141e-02 1.52340602e-03
140              -2.32239046e+01 6.52744930e-01 -7.72925601e-01 -2.35787828e+01 6.96798989e-01 -7.73871112e-01 3.54878187e-01 -4.40540589e-02 9.45510376e-04
150              -2.28912977e+01 1.45764361e-01 -7.60754847e-01 -2.32518181e+01 1.91901391e-01 -7.62518620e-01 3.60520370e-01 -4.61370305e-02 1.76377260e-03
160              -2.19523859e+01 8.36135464e-02 -8.33020669e-01 -2.23152668e+01 1.31445337e-01 -8.37429610e-01 3.62880927e-01 -4.78317903e-02 4.40894139e-03
170              -2.08167455e+01 2.80884019e-01 -7.91371519e-01 -2.11817450e+01 3.29221021e-01 -7.96367297e-01 3.64999457e-01 -4.83370020e-02 4.99577826e-03
180              -2.03030902e+01 3.77240497e-01 -7.06675697e-01 -2.06728679e+01 4.24137788e-01 -7.09916574e-01 3.69777655e-01 -4.68972915e-02 3.24087703e-03
190              -2.03803547e+01 4.30619976e-01 -5.76173333e-01 -2.07579763e+01 4.72962001e-01 -5.77908487e-01 3.77621568e-01 -4.23420246e-02 1.73515387e-03
200              -2.04442427e+01 5.32261471e-01 -4.80310173e-01 -2.08315785e+01 5.67023969e-01 -4.80774388e-01 3.87335870e-01 -3.47624974e-02 4.64215065e-04
210              -2.03676147e+01 3.47835697e-01 -4.96627329e-01 -2.07660859e+01 3.74247444e-01 -4.96524142e-01 3.98471120e-01 -2.64117470e-02 -1.03187005e-04
220              -2.03776250e+01 5.19726926e-02 -5.04426255e-01 -2.07878562e+01 7.16603791e-02 -5.03274088e-01 4.10231203e-01 -1.96876864e-02 -1.15216727e-03
230              -2.06414973e+01 -1.06554372e-01 -3.84984846e-01 -2.10614798e+01 -9.00747163e-02 -3.81042359e-01 4.19982489e-01 -1.64796560e-02 -3.94248709e-03
240              -2.10424270e+01 -4.00789142e-01 -4.23154547e-01 -2.14690908e+01 -3.85289637e-01 -4.13972606e-01 4.26663808e-01 -1.54995053e-02 -9.18194155e-03
250              -2.16946428e+01 -5.49894798e-01 -5.77527333e-01 -2.21246173e+01 -5.34035663e-01 -5.61352330e-01 4.29974508e-01 -1.58591352e-02 -1.61750029e-02
260              -2.25915164e+01 -3.66867971e-01 -8.98885927e-01 -2.30232582e+01 -3.51409279e-01 -8.73382005e-01 4.31741771e-01 -1.54586912e-02 -2.55039213e-02
270              -2.37208133e+01 -8.90151329e-02 -9.75741659e-01 -2.41515851e+01 -7.70815927e-02 -9.42437147e-01 4.30771782e-01 -1.19335402e-02 -3.33045113e-02
280              -2.47589750e+01 -1.00477584e-01 -7.71776288e-01 -2.51867342e+01 -9.13222457e-02 -7.37806919e-01 4.27759167e-01 -9.15533832e-03 -3.39693692e-02
290              -2.48625367e+01 2.57390928e-01 -6.01525258e-01 -2.52894757e+01 2.61384564e-01 -5.74219813e-01 4.26939003e-01 -3.99363524e-03 -2.73054451e-02
300              -2.50973951e+01 5.02426182e-01 -5.85166089e-01 -2.55236235e+01 4.97476018e-01 -5.70024461e-01 4.26228353e-01 4.95016325e-03 -1.51416288e-02
310              -2.57174640e+01 3.36491782e-01 -3.30886790e-01 -2.61407428e+01 3.26255726e-01 -3.29516362e-01 4.23278767e-01 1.02360562e-02 -1.37042788e-03
320              -2.61179275e+01 -6.57208505e-01 2.19299890e-01 -2.65385236e+01 -6.69040057e-01 2.10387670e-01 4.20596102e-01 1.18315518e-02 8.91222021e-03
330              -2.63495372e+01 -1.60140254e+00 5.54978950e-01 -2.67697870e+01 -1.61388362e+00 5.39536968e-01 4.20249804e-01 1.24810841e-02 1.54419821e-02
340              -2.64233789e+01 -1.78758837e+00 4.69321283e-01 -2.68439632e+01 -1.80233209e+00 4.48266023e-01 4.20584275e-01 1.47437144e-02 2.10552596e-02
350              -2.58266099e+01 -1.89486042e+00 -6.18399746e-02 -2.62481323e+01 -1.91034595e+00 -8.49784669e-02 4.21522409e-01 1.54855381e-02 2.31384922e-02
360              -2.48854165e+01 -1.47520833e+00 -6.11706242e-01 -2.53100043e+01 -1.48951185e+00 -6.31356843e-01 4.24587857e-01 1.43035211e-02 1.96506011e-02
370              -2.41981183e+01 -1.24247514e+00 -5.87515447e-01 -2.46253669e+01 -1.25868627e+00 -5.98859374e-01 4.27248671e-01 1.62111217e-02 1.13439268e-02
380              -2.35179495e+01 -1.09866065e+00 -2.28470375e-01 -2.39474677e+01 -1.11658131e+00 -2.29597228e-01 4.29518184e-01 1.79206586e-02 1.12685290e-03
390              -2.24900884e+01 -1.64023252e+00 5.39453630e-01 -2.29219592e+01 -1.65855519e+00 5.48178643e-01 4.31870879e-01 1.83226655e-02 -8.72501311e-03
400              -2.15158474e+01 -2.63579170e+00 1.39135311e+00 -2.19489924e+01 -2.65509802e+00 1.40594288e+00 4.33144976e-01 1.93063155e-02 -1.45897691e-02
410              -2.00723294e+01 -3.15134628e+00 1.15934665e+00 -2.05076551e+01 -3.17187728e+00 1.17585602e+00 4.35325727e-01 2.05310013e-02 -1.65093689e-02
420              -1.78932862e+01 -3.36032702e+00 7.23623197e-01 -1.83310206e+01 -3.38285638e+00 7.39831209e-01 4.37734412e-01 2.25293651e-02 -1.62080117e-02
430              -1.62736659e+01 -3.38028914e+00 1.08388405e+00 -1.67134792e+01 -3.40803262e+00 1.09592875e+00 4.39813230e-01 2.77434809e-02 -1.20447041e-02
440              -1.64127353e+01 -4.01029694e+00 1.97769750e+00 -1.68505150e+01 -4.04542457e+00 1.98213969e+00 4.37779758e-01 3.51276285e-02 -4.44218537e-03
450              -1.74067856e+01 -4.08487535e+00 2.29443743e+00 -1.78412565e+01 -4.12881495e+00 2.29287354e+00 4.34470877e-01 4.39396067e-02 1.56389175e-03
460              -1.80910867e+01 -3.49004682e+00 2.05111267e+00 -1.85234427e+01 -3.54100869e+00 2.04184997e+00 4.32356035e-01 5.09618698e-02 9.26270470e-03
470              -1.90162525e+01 -2.56838555e+00 2.59905852e+00 -1.94419264e+01 -2.62188946e+00 2.57557881e+00 4.25673888e-01 5.35039056e-02 2.34797102e-02
480              -1.95113059e+01 -1.81618841e+00 3.15193454e+00 -1.99322687e+01 -1.87009804e+00 3.11180813e+00 4.20962801e-01 5.39096283e-02 4.01264056e-02
490              -1.96772151e+01 -1.28368708e+00 3.13524527e+00 -2.00974585e+01 -1.33710279e+00 3.08019338e+00 4.20243372e-01 5.34157042e-02 5.50518841e-02
500              -1.94067278e+01 -5.74001943e-01 3.22315366e+00 -1.98290877e+01 -6.23432374e-01 3.15903574e+00 4.22359911e-01 4.94304309e-02 6.41179196e-02
510              -1.88167774e+01 -2.02585742e-01 2.86772155e+00 -1.92436918e+01 -2.44383280e-01 2.80115206e+00 4.26914320e-01 4.17975380e-02 6.65694926e-02
520              -1.82889960e+01 -5.37065011e-01 2.57639137e+00 -1.87210443e+01 -5.71039744e-01 2.51458697e+00 4.32048236e-01 3.39747331e-02 6.18044061e-02
530              -1.86079083e+01 -1.53526423e+00 2.56884051e+00 -1.90412680e+01 -1.56274451e+00 2.51613689e+00 4.33359689e-01 2.74802792e-02 5.27036182e-02
540              -1.85318471e+01 -2.46650475e+00 2.77003906e+00 -1.89617012e+01 -2.49107033e+00 2.72598380e+00 4.29854013e-01 2.45655760e-02 4.40552616e-02
550              -1.85901582e+01 -2.82478465e+00 3.12155166e+00 -1.90159197e+01 -2.85354457e+00 3.08240783e+00 4.25761500e-01 2.87599174e-02 3.91438322e-02
560              -1.88781853e+01 -2.89300335e+00 3.01288113e+00 -1.93003515e+01 -2.93085612e+00 2.97658968e+00 4.22166217e-01 3.78527723e-02 3.62914545e-02
570              -1.93313605e+01 -2.74258524e+00 2.85954990e+00 -1.97512930e+01 -2.78522921e+00 2.82971487e+00 4.19932527e-01 4.26439702e-02 2.98350342e-02
580              -1.92512790e+01 -2.21633034e+00 2.82673394e+00 -1.96690669e+01 -2.25818761e+00 2.80537497e+00 4.17787919e-01 4.18572760e-02 2.13589666e-02
590              -1.92856990e+01 -1.42515469e+00 2.64972923e+00 -1.97022293e+01 -1.46507566e+00 2.63573116e+00 4.16530362e-01 3.99209644e-02 1.39980687e-02
600              -2.01326059e+01 -1.19637752e+00 2.50870611e+00 -2.05473242e+01 -1.23404765e+00 2.49816106e+00 4.14718284e-01 3.76701240e-02 1.05450487e-02
610              -2.02311023e+01 -1.07086124e+00 2.03422711e+00 -2.06437580e+01 -1.10218754e+00 2.02824522e+00 4.12655741e-01 3.13263021e-02 5.98188853e-03
620              -1.85339985e+01 -7.12413257e-01 1.07553480e+00 -1.89447455e+01 -7.33527130e-01 1.07751420e+00 4.10747021e-01 2.11138727e-02 -1.97939968e-03
630              -1.71327133e+01 1.57732610e-01 5.86288376e-01 -1.75441556e+01 1.42948432e-01 5.93378481e-01 4.11442261e-01 1.47841787e-02 -7.09010517e-03
640              -1.74480067e+01 7.39500713e-01 1.00057446e+00 -1.78610149e+01 7.24176802e-01 1.00524555e+00 4.13008284e-01 1.53239107e-02 -4.67108933e-03
650              -1.88691294e+01 1.36025065e+00 1.77404966e+00 -1.92826918e+01 1.34346693e+00 1.77474776e+00 4.13562365e-01 1.67837130e-02 -6.98098365e-04
660              -2.01303056e+01 1.77125454e+00 2.26655209e+00 -2.05459500e+01 1.75401138e+00 2.26246089e+00 4.15644420e-01 1.72431693e-02 4.09119808e-03
670              -1.96085390e+01 7.72318706e-01 2.27475657e+00 -2.00267888e+01 7.60034934e-01 2.26822960e+00 4.18249736e-01 1.22837721e-02 6.52696808e-03
680              -1.87936882e+01 -3.12102320e-01 1.70988871e+00 -1.92132376e+01 -3.14462284e-01 1.70656963e+00 4.19549382e-01 2.35996405e-03 3.31907801e-03
690              -1.83545229e+01 -7.27115623e-01 1.14972204e+00 -1.87773936e+01 -7.17440053e-01 1.15164685e+00 4.22870694e-01 -9.67556987e-03 -1.92480190e-03
700              -1.84182160e+01 -6.01903810e-01 1.19914220e+00 -1.88449781e+01 -5.84219777e-01 1.20579289e+00 4.26762134e-01 -1.76840334e-02 -6.65068569e-03
710              -1.85338569e+01 -1.81195128e-01 1.63663277e+00 -1.89624531e+01 -1.63272040e-01 1.64714511e+00 4.28596121e-01 -1.79230888e-02 -1.05123379e-02
720              -1.78296268e+01 -3.26057593e-01 2.11503902e+00 -1.82606834e+01 -3.11676934e-01 2.12882945e+00 4.31056648e-01 -1.43806587e-02 -1.37904266e-02
730              -1.67285881e+01 -6.48742841e-01 2.62581532e+00 -1.71627037e+01 -6.40008957e-01 2.64306457e+00 4.34115591e-01 -8.73388339e-03 -1.72492412e-02
740              -1.61861723e+01 -1.24629013e+00 2.16912480e+00 -1.66225564e+01 -1.24067036e+00 2.19015206e+00 4.36384064e-01 -5.61976654e-03 -2.10272548e-02
750              -1.62338736e+01 -1.55650709e+00 1.09185839e+00 -1.66700895e+01 -1.55016820e+00 1.11735371e+00 4.36215895e-01 -6.33888948e-03 -2.54953266e-02
760              -1.64910229e+01 -1.37631558e+00 2.98468067e-01 -1.69238522e+01 -1.36851142e+00 3.27910539e-01 4.32829230e-01 -7.80415478e-03 -2.94424721e-02
770              -1.65480401e+01 -1.44648897e+00 1.41404197e-01 -1.69786623e+01 -1.43492471e+00 1.74282142e-01 4.30622148e-01 -1.15642625e-02 -3.28779454e-02
780              -1.65757074e+01 -2.09651238e+00 4.14679199e-01 -1.70075059e+01 -2.07905635e+00 4.53289583e-01 4.31798514e-01 -1.74560250e-02 -3.86103836e-02
790              -1.62226896e+01 -2.81423784e+00 8.06532744e-01 -1.66549882e+01 -2.79234146e+00 8.53162526e-01 4.32298629e-01 -2.18963778e-02 -4.66297819e-02
800              -1.55314127e+01 -3.84066994e+00 1.01056170e+00 -1.59656318e+01 -3.81625994e+00 1.06060148e+00 4.34219114e-01 -2.44099996e-02 -5.00397739e-02
810              -1.58696387e+01 -4.36195243e+00 9.56948838e-01 -1.63062827e+01 -4.33678964e+00 1.00561844e+00 4.36644003e-01 -2.51627856e-02 -4.86696023e-02
820              -1.67283048e+01 -4.19984703e+00 8.25332095e-01 -1.71658838e+01 -4.17827403e+00 8.67816411e-01 4.37579020e-01 -2.15730056e-02 -4.24843167e-02
830              -1.72716337e+01 -3.79740601e+00 4.38424310e-01 -1.77097303e+01 -3.78173435e+00 4.71459392e-01 4.38096562e-01 -1.56716593e-02 -3.30350818e-02
840              -1.72647463e+01 -3.32653646e+00 7.23526431e-02 -1.77054184e+01 -3.31631568e+00 9.84894135e-02 4.40672092e-01 -1.02207726e-02 -2.61367705e-02
850              -1.72680049e+01 -2.76290674e+00 -2.90578978e-01 -1.77123713e+01 -2.75719476e+00 -2.72058147e-01 4.44366390e-01 -5.71197938e-03 -1.85208314e-02
860              -1.76802949e+01 -2.49528674e+00 -3.42345382e-01 -1.81290701e+01 -2.48725692e+00 -3.27247624e-01 4.48775220e-01 -8.02981835e-03 -1.50977590e-02
870              -1.81588121e+01 -2.87978876e+00 2.27335528e-01 -1.86117949e+01 -2.86888408e+00 2.41507265e-01 4.52982782e-01 -1.09046822e-02 -1.41717366e-02
880              -1.85419549e+01 -2.74264007e+00 7.08477949e-01 -1.89989657e+01 -2.73233968e+00 7.25586411e-01 4.57010799e-01 -1.03003935e-02 -1.71084619e-02
890              -1.87263795e+01 -2.55525875e+00 1.24396837e+00 -1.91848667e+01 -2.54922897e+00 1.26842748e+00 4.58487171e-01 -6.02977692e-03 -2.44591094e-02
900              -1.92289975e+01 -2.24306346e+00 1.52852300e+00 -1.96858741e+01 -2.24384108e+00 1.56476544e+00 4.56876644e-01 7.77622204e-04 -3.62424366e-02
910              -1.89286737e+01 -1.37462039e+00 1.45505655e+00 -1.93833592e+01 -1.38415774e+00 1.50243662e+00 4.54685439e-01 9.53735383e-03 -4.73800663e-02
920              -1.69932076e+01 -3.68395157e-01 1.26970654e+00 -1.74481092e+01 -3.83455830e-01 1.32524830e+00 4.54901583e-01 1.50606730e-02 -5.55417684e-02
930              -1.55098995e+01 3.51269160e-01 1.22340100e+00 -1.59678729e+01 3.33964379e-01 1.28442750e+00 4.57973341e-01 1.73047804e-02 -6.10265073e-02
940              -1.54138694e+01 1.09842984e+00 1.17876639e+00 -1.58762698e+01 1.08103638e+00 1.24017682e+00 4.62400452e-01 1.73934640e-02 -6.14104359e-02
950              -1.63705424e+01 1.33124706e+00 8.67417005e-01 -1.68377900e+01 1.31613101e+00 9.25589064e-01 4.67247601e-01 1.51160504e-02 -5.81720591e-02
960              -1.83368226e+01 1.03919224e+00 4.80007219e-01 -1.88039720e+01 1.02726282e+00 5.37035941e-01 4.67149440e-01 1.19294214e-02 -5.70287214e-02
970              -1.95336239e+01 3.80128205e-03 4.85626253e-01 -1.99980279e+01 -5.04361987e-03 5.41262537e-01 4.64403974e-01 8.84490192e-03 -5.56362837e-02
980              -2.03110776e+01 -1.79647580e+00 5.17531740e-01 -2.07715363e+01 -1.80469476e+00 5.72007723e-01 4.60458741e-01 8.21895818e-03 -5.44759832e-02
990              -2.14577663e+01 -2.45894356e+00 5.11613510e-01 -2.19138300e+01 -2.46901438e+00 5.61273834e-01 4.56063738e-01 1.00708173e-02 -4.96603239e-02
1000             -2.20419820e+01 -1.64319164e+00 7.96252704e-01 -2.24930776e+01 -1.65462984e+00 8.35583640e-01 4.51095571e-01 1.14381948e-02 -3.93309363e-02
1010             -2.08143430e+01 -1.36956567e+00 4.59831736e-01 -2.12621703e+01 -1.37963652e+00 4.91006206e-01 4.47827311e-01 1.00708549e-02 -3.11744707e-02
1020             -1.88922241e+01 -1.34282186e+00 -4.28465959e-02 -1.93400674e+01 -1.35077184e+00 -1.86588436e-02 4.47843330e-01 7.94998880e-03 -2.41877524e-02
1030             -1.74363790e+01 -1.43344473e+00 4.37887810e-01 -1.78832901e+01 -1.43942291e+00 4.58098821e-01 4.46911053e-01 5.97818085e-03 -2.02110111e-02
1040             -1.75006244e+01 -8.51199677e-01 1.06896495e+00 -1.79437836e+01 -8.56594783e-01 1.08681129e+00 4.43159233e-01 5.39510650e-03 -1.78463393e-02
1050             -1.85913315e+01 2.60498081e-02 1.65724831e+00 -1.90290051e+01 1.90072368e-02 1.67234039e+00 4.37673592e-01 7.04257130e-03 -1.50920758e-02
1060             -1.83009817e+01 -8.99352334e-02 1.85673632e+00 -1.87347499e+01 -9.90681001e-02 1.87109390e+00 4.33768122e-01 9.13286670e-03 -1.43575802e-02
1070             -1.68970405e+01 -7.60196152e-01 1.26567291e+00 -1.73293987e+01 -7.67882966e-01 1.28027788e+00 4.32358150e-01 7.68681488e-03 -1.46049726e-02
1080             -1.66958983e+01 -1.11314743e+00 1.98243664e-01 -1.71261412e+01 -1.11275600e+00 2.13470776e-01 4.30242897e-01 -3.91434164e-04 -1.52271123e-02
1090             -1.79595947e+01 1.63867588e-01 2.62837403e-01 -1.83875159e+01 1.73399511e-01 2.78640854e-01 4.27921201e-01 -9.53192378e-03 -1.58034507e-02
1100             -1.88040998e+01 1.22743739e+00 4.94996141e-01 -1.92295212e+01 1.24482726e+00 5.14745526e-01 4.25421418e-01 -1.73898703e-02 -1.97493849e-02
1110             -1.84813896e+01 1.19261368e+00 1.35011244e+00 -1.89016769e+01 1.21268134e+00 1.37690850e+00 4.20287292e-01 -2.00676649e-02 -2.67960620e-02
1120             -1.77328197e+01 3.35028087e-01 2.43956383e+00 -1.81479017e+01 3.52451926e-01 2.47152532e+00 4.15081997e-01 -1.74238380e-02 -3.19614818e-02
1130             -1.75703621e+01 -3.98839634e-01 2.57309273e+00 -1.79828371e+01 -3.92950377e-01 2.60298612e+00 4.12474922e-01 -5.88925689e-03 -2.98933817e-02
1140             -1.65708373e+01 -7.87567648e-01 2.34738734e+00 -1.69827700e+01 -7.91193557e-01 2.37676712e+00 4.11932711e-01 3.62590881e-03 -2.93797772e-02
1150             -1.58739169e+01 -1.28124005e+00 3.04003608e+00 -1.62868274e+01 -1.29189757e+00 3.06957190e+00 4.12910483e-01 1.06575257e-02 -2.95358203e-02
1160             -1.62421811e+01 -1.20399285e+00 3.58771843e+00 -1.66549455e+01 -1.22415351e+00 3.61787710e+00 4.12764402e-01 2.01606688e-02 -3.01586665e-02
1170             -1.67573313e+01 -1.03852975e+00 4.25241921e+00 -1.71683912e+01 -1.07152989e+00 4.28349747e+00 4.11059912e-01 3.30001391e-02 -3.10782567e-02
1180             -1.74049018e+01 -2.88348752e-01 4.93002280e+00 -1.78135844e+01 -3.33403662e-01 4.95865433e+00 4.08682547e-01 4.50549107e-02 -2.86315316e-02
1190             -1.74354017e+01 3.71797384e-01 4.56186207e+00 -1.78429064e+01 3.18429656e-01 4.58686550e+00 4.07504642e-01 5.33677279e-02 -2.50034319e-02
1200             -1.76816288e+01 3.09337672e-01 4.72528108e+00 -1.80897193e+01 2.50568412e-01 4.74721935e+00 4.08090480e-01 5.87692596e-02 -2.19382639e-02
1210             -1.79387079e+01 -2.69965590e-01 5.18018323e+00 -1.83481451e+01 -3.30298014e-01 5.19871039e+00 4.09437194e-01 6.03324238e-02 -1.85271611e-02
1220             -1.79247500e+01 -2.97425568e-01 5.41140554e+00 -1.83348988e+01 -3.54719418e-01 5.42707220e+00 4.10148744e-01 5.72938498e-02 -1.56666579e-02
1230             -1.78074212e+01 -8.75337719e-01 5.61383916e+00 -1.82183959e+01 -9.26725413e-01 5.62636891e+00 4.10974718e-01 5.13876941e-02 -1.25297518e-02
1240             -1.76683945e+01 -1.80027215e+00 5.50614376e+00 -1.80833666e+01 -1.84445743e+00 5.51405212e+00 4.14972062e-01 4.41852769e-02 -7.90836019e-03
1250             -1.68459501e+01 -2.05964940e+00 5.26373067e+00 -1.72665496e+01 -2.09850649e+00 5.26815821e+00 4.20599460e-01 3.88570877e-02 -4.42754008e-03
1260             -1.59689725e+01 -1.87855080e+00 5.22056606e+00 -1.63958482e+01 -1.91548929e+00 5.21783877e+00 4.26875727e-01 3.69384876e-02 2.72728435e-03
1270             -1.58774034e+01 -1.32685424e+00 5.19378673e+00 -1.63075170e+01 -1.35880449e+00 5.18689223e+00 4.30113544e-01 3.19502484e-02 6.89450054e-03
1280             -1.64038185e+01 -6.23449968e-01 5.11672266e+00 -1.68343249e+01 -6.47476961e-01 5.10867708e+00 4.30506373e-01 2.40269937e-02 8.04557565e-03
1290             -1.74213395e+01 -5.35918103e-01 4.54116234e+00 -1.78497025e+01 -5.51396491e-01 4.53608032e+00 4.28362980e-01 1.54783871e-02 5.08201601e-03
1300             -1.80621582e+01 -8.13720025e-01 3.49743212e+00 -1.84884039e+01 -8.23909708e-01 3.50006383e+00 4.26245756e-01 1.01896825e-02 -2.63170412e-03
1310             -1.84839600e+01 -1.22350133e+00 2.62100688e+00 -1.89103142e+01 -1.23211200e+00 2.63021184e+00 4.26354170e-01 8.61067063e-03 -9.20495675e-03
1320             -1.80315334e+01 -1.67024043e+00 2.01975741e+00 -1.84605141e+01 -1.67824942e+00 2.03363492e+00 4.28980693e-01 8.00899290e-03 -1.38775095e-02
1330             -1.78840018e+01 -2.00021562e+00 1.88542951e+00 -1.83162318e+01 -2.00644650e+00 1.90177009e+00 4.32230038e-01 6.23087736e-03 -1.63405792e-02
1340             -1.83919461e+01 -2.46560565e+00 2.32233608e+00 -1.88253006e+01 -2.47048542e+00 2.34229318e+00 4.33354481e-01 4.87977056e-03 -1.99570983e-02
1350             -1.87603741e+01 -2.84761854e+00 2.75533601e+00 -1.91916258e+01 -2.85207246e+00 2.78243170e+00 4.31251724e-01 4.45392639e-03 -2.70956859e-02
1360             -1.77141941e+01 -3.25345504e+00 2.65495384e+00 -1.81420880e+01 -3.26158831e+00 2.69035949e+00 4.27893921e-01 8.13326690e-03 -3.54056480e-02
1370             -1.69665865e+01 -3.67155157e+00 2.33547923e+00 -1.73924062e+01 -3.68729053e+00 2.37322121e+00 4.25819693e-01 1.57389614e-02 -3.77419774e-02
1380             -1.60335954e+01 -4.18320627e+00 1.74523315e+00 -1.64592567e+01 -4.20552980e+00 1.77892055e+00 4.25661327e-01 2.23235307e-02 -3.36873926e-02
1390             -1.54835625e+01 -4.40747575e+00 1.40276232e+00 -1.59096107e+01 -4.43093439e+00 1.42735333e+00 4.26048261e-01 2.34586445e-02 -2.45910105e-02
1400             -1.57265815e+01 -4.45237325e+00 9.38073470e-01 -1.61532435e+01 -4.47151150e+00 9.53794801e-01 4.26662031e-01 1.91382553e-02 -1.57213313e-02
1410             -1.62450582e+01 -4.09197849e+00 1.14678305e+00 -1.66699951e+01 -4.10476176e+00 1.15758340e+00 4.24936919e-01 1.27832686e-02 -1.08003489e-02
1420             -1.63311395e+01 -2.88172383e+00 1.17563874e+00 -1.67519224e+01 -2.88800897e+00 1.18195086e+00 4.20782875e-01 6.28514431e-03 -6.31212071e-03
1430             -1.69626916e+01 -2.13549631e+00 6.02299571e-01 -1.73784348e+01 -2.13688450e+00 6.06148715e-01 4.15743250e-01 1.38819653e-03 -3.84914364e-03
1440             -1.83564098e+01 -1.29393961e+00 2.26013734e-01 -1.87692033e+01 -1.29408472e+00 2.30492802e-01 4.12793479e-01 1.45114404e-04 -4.47906754e-03
1450             -2.06901460e+01 -8.98288529e-01 3.29591949e-01 -2.11012126e+01 -8.99871104e-01 3.32791853e-01 4.11066675e-01 1.58257503e-03 -3.19990399e-03
1460             -2.17630057e+01 -5.75437243e-01 8.49924891e-02 -2.21735301e+01 -5.82511641e-01 8.84299013e-02 4.10524391e-01 7.07439810e-03 -3.43741219e-03
1470             -2.18425760e+01 -2.98208005e-02 -1.17943711e-02 -2.22548044e+01 -4.12513850e-02 -7.57744592e-03 4.12228370e-01 1.14305846e-02 -4.21692519e-03
1480             -2.12722398e+01 -8.98307055e-02 4.13694725e-01 -2.16883253e+01 -1.03677387e-01 4.18279527e-01 4.16085536e-01 1.38466816e-02 -4.58480292e-03
1490             -2.00173444e+01 -6.74268335e-02 1.08698205e+00 -2.04419378e+01 -8.13303851e-02 1.09049588e+00 4.24593409e-01 1.39035516e-02 -3.51382831e-03
1500             -1.93600018e+01 -7.59784084e-02 1.18509933e+00 -1.97908743e+01 -9.17363753e-02 1.18853933e+00 4.30872597e-01 1.57579669e-02 -3.43999258e-03
1510             -1.90476960e+01 -3.83694357e-01 1.33837714e+00 -1.94799881e+01 -4.04946240e-01 1.34394612e+00 4.32292134e-01 2.12518829e-02 -5.56898152e-03
1520             -1.84244527e+01 -7.81690141e-01 1.63381550e+00 -1.88569310e+01 -8.07289557e-01 1.64481088e+00 4.32478318e-01 2.55994153e-02 -1.09953820e-02
1530             -1.74479397e+01 -1.72685562e+00 1.82284126e+00 -1.78799838e+01 -1.75408159e+00 1.83927782e+00 4.32044127e-01 2.72259710e-02 -1.64365573e-02
1540             -1.68012582e+01 -2.62654818e+00 2.09130006e+00 -1.72312124e+01 -2.65206355e+00 2.10949692e+00 4.29954227e-01 2.55153671e-02 -1.81968623e-02
1550             -1.70273605e+01 -2.78191102e+00 2.49796496e+00 -1.74544802e+01 -2.80707057e+00 2.51304707e+00 4.27119624e-01 2.51595525e-02 -1.50821163e-02
1560             -1.78778346e+01 -2.70065671e+00 2.48545145e+00 -1.83034943e+01 -2.73009757e+00 2.49429207e+00 4.25659738e-01 2.94408574e-02 -8.84062046e-03
1570             -1.88496777e+01 -2.18407155e+00 2.83202442e+00 -1.92733207e+01 -2.22162293e+00 2.83023840e+00 4.23642989e-01 3.75513782e-02 1.78602350e-03
1580             -1.88190373e+01 -9.31120986e-01 3.42212573e+00 -1.92410159e+01 -9.80036421e-01 3.40631978e+00 4.21978611e-01 4.89154344e-02 1.58059493e-02
1590             -1.70417954e+01 2.75107049e-01 3.82218274e+00 -1.74643565e+01 2.17537858e-01 3.80007898e+00 4.22561081e-01 5.75691912e-02 2.21037535e-02
1600             -1.53442437e+01 3.53918058e-01 4.38875077e+00 -1.57707826e+01 2.91806052e-01 4.36251027e+00 4.26538899e-01 6.21120062e-02 2.62405018e-02
1610             -1.44445036e+01 6.85705540e-02 4.85494213e+00 -1.48766361e+01 1.03840615e-02 4.82557091e+00 4.32132475e-01 5.81864924e-02 2.93712247e-02
1620             -1.34483648e+01 -1.06748091e+00 4.99227260e+00 -1.38850665e+01 -1.11328986e+00 4.96061885e+00 4.36701686e-01 4.58089532e-02 3.16537554e-02
1630             -1.37272150e+01 -2.54445913e+00 4.96007647e+00 -1.41646063e+01 -2.57416225e+00 4.93226364e+00 4.37391285e-01 2.97031155e-02 2.78128273e-02
1640             -1.47772214e+01 -3.40661088e+00 4.95978112e+00 -1.52145298e+01 -3.42390018e+00 4.94020267e+00 4.37308397e-01 1.72893040e-02 1.95784565e-02
1650             -1.58039327e+01 -3.62121281e+00 5.21046833e+00 -1.62444223e+01 -3.63081811e+00 5.19774272e+00 4.40489571e-01 9.60530399e-03 1.27256076e-02
1660             -1.62456754e+01 -4.11561270e+00 4.35587340e+00 -1.66910507e+01 -4.11970284e+00 4.34882542e+00 4.45375275e-01 4.09013652e-03 7.04798702e-03
1670             -1.71172753e+01 -3.80306660e+00 3.41597529e+00 -1.75640659e+01 -3.80791447e+00 3.41389106e+00 4.46790687e-01 4.84787374e-03 2.08423072e-03
1680             -1.88406533e+01 -1.77738883e+00 3.01676714e+00 -1.92855423e+01 -1.78953432e+00 3.01712702e+00 4.44888998e-01 1.21454856e-02 -3.59881823e-04
1690             -1.98222856e+01 4.67011575e-01 2.39600227e+00 -2.02658599e+01 4.47769621e-01 2.39430006e+00 4.43574253e-01 1.92419536e-02 1.70220936e-03
1700             -1.95435245e+01 1.58473642e+00 1.74326794e+00 -1.99873707e+01 1.56438091e+00 1.74122418e+00 4.43846196e-01 2.03555147e-02 2.04376387e-03
1710             -1.99148723e+01 1.15193308e+00 1.37022260e+00 -2.03589822e+01 1.13694724e+00 1.37107938e+00 4.44109939e-01 1.49858380e-02 -8.56777740e-04
1720             -2.10760096e+01 6.63025040e-01 1.13233610e+00 -2.15192046e+01 6.56270441e-01 1.13520193e+00 4.43195004e-01 6.75459835e-03 -2.86582814e-03
1730             -2.20250286e+01 6.15684729e-02 9.22547605e-01 -2.24678628e+01 6.21926074e-02 9.25245392e-01 4.42834218e-01 -6.24134580e-04 -2.69778651e-03
1740             -2.23153756e+01 -6.38116252e-01 1.34537327e+00 -2.27593315e+01 -6.32726285e-01 1.34760894e+00 4.43955980e-01 -5.38996666e-03 -2.23567179e-03
1750             -2.13134021e+01 -1.44671120e+00 2.16064143e+00 -2.17574396e+01 -1.44023162e+00 2.16481882e+00 4.44037524e-01 -6.47958066e-03 -4.17739361e-03
1760             -1.87437777e+01 -2.46957644e+00 2.26930335e+00 -1.91860032e+01 -2.46570723e+00 2.27757290e+00 4.42225480e-01 -3.86920535e-03 -8.26955050e-03
1770             -1.81062948e+01 -2.25199131e+00 2.43328394e+00 -1.85456726e+01 -2.25539795e+00 2.44186643e+00 4.39377864e-01 3.40663864e-03 -8.58249684e-03
1780             -1.85471562e+01 -1.21482623e+00 3.33086489e+00 -1.89832902e+01 -1.22482302e+00 3.33667782e+00 4.36133966e-01 9.99678655e-03 -5.81292951e-03
1790             -1.85357518e+01 -6.49788119e-01 3.87382355e+00 -1.89676420e+01 -6.60431106e-01 3.87713559e+00 4.31890114e-01 1.06429871e-02 -3.31203863e-03
1800             -1.81667430e+01 -4.90451989e-01 2.96766473e+00 -1.85941071e+01 -4.94151001e-01 2.97269317e+00 4.27364093e-01 3.69901243e-03 -5.02844147e-03
1810             -1.79514681e+01 -8.48865396e-01 2.32698551e+00 -1.83743384e+01 -8.41421595e-01 2.33666564e+00 4.22870311e-01 -7.44380170e-03 -9.68012890e-03
1820             -1.82244638e+01 -1.35858870e+00 2.49441158e+00 -1.86424807e+01 -1.34386106e+00 2.50748613e+00 4.18016915e-01 -1.47276411e-02 -1.30745506e-02
1830             -1.88784052e+01 -1.57909328e+00 2.81271894e+00 -1.92936343e+01 -1.56351137e+00 2.82811273e+00 4.15229096e-01 -1.55819122e-02 -1.53937962e-02
1840             -2.00335884e+01 -2.03940724e+00 2.85502041e+00 -2.04461167e+01 -2.02905587e+00 2.87213472e+00 4.12528287e-01 -1.03513769e-02 -1.71143140e-02
1850             -2.02366759e+01 -2.34169604e+00 2.93229166e+00 -2.06454572e+01 -2.33821055e+00 2.94941781e+00 4.08781271e-01 -3.48548975e-03 -1.71261500e-02
1860             -2.08318983e+01 -2.24177678e+00 2.94765555e+00 -2.12374075e+01 -2.24292368e+00 2.96573313e+00 4.05509195e-01 1.14690647e-03 -1.80775864e-02
1870             -2.10143549e+01 -2.02700273e+00 2.53986082e+00 -2.14187159e+01 -2.03096754e+00 2.56263286e+00 4.04360989e-01 3.96480997e-03 -2.27720455e-02
1880             -2.01972846e+01 -1.63152492e+00 2.47193133e+00 -2.06037192e+01 -1.63833726e+00 2.49851139e+00 4.06434639e-01 6.81233591e-03 -2.65800589e-02
1890             -1.86233821e+01 -1.21316361e+00 2.37626907e+00 -1.90360251e+01 -1.22436975e+00 2.40216381e+00 4.12642938e-01 1.12061399e-02 -2.58947376e-02
1900             -1.70115406e+01 -1.34142121e+00 2.36948241e+00 -1.74315347e+01 -1.36014186e+00 2.39185478e+00 4.19994123e-01 1.87206553e-02 -2.23723762e-02
1910             -1.60745005e+01 -1.77976109e+00 2.43030665e+00 -1.64978523e+01 -1.80407183e+00 2.44893580e+00 4.23351783e-01 2.43107343e-02 -1.86291510e-02
1920             -1.47686967e+01 -1.93142079e+00 2.76198783e+00 -1.51939428e+01 -1.95900671e+00 2.77510287e+00 4.25246155e-01 2.75859222e-02 -1.31150425e-02
1930             -1.35863814e+01 -2.03144295e+00 3.25553026e+00 -1.40147760e+01 -2.05904259e+00 3.26267616e+00 4.28394618e-01 2.75996408e-02 -7.14590443e-03
1940             -1.37227744e+01 -2.30473495e+00 3.35242309e+00 -1.41530142e+01 -2.33187008e+00 3.35657331e+00 4.30239728e-01 2.71351234e-02 -4.15022053e-03
1950             -1.51708482e+01 -2.49437773e+00 3.34460252e+00 -1.56007076e+01 -2.52207794e+00 3.34728099e+00 4.29859365e-01 2.77002152e-02 -2.67847679e-03
1960             -1.63177727e+01 -2.69588729e+00 2.95117418e+00 -1.67447750e+01 -2.72602642e+00 2.95526228e+00 4.27002213e-01 3.01391238e-02 -4.08809873e-03
1970             -1.60786110e+01 -2.69465420e+00 2.11151619e+00 -1.65048533e+01 -2.72551533e+00 2.11935845e+00 4.26242313e-01 3.08611319e-02 -7.84226046e-03
1980             -1.54439913e+01 -2.67278418e+00 1.69276563e+00 -1.58726889e+01 -2.70124847e+00 1.70111944e+00 4.28697582e-01 2.84642896e-02 -8.35380890e-03
1990             -1.56265184e+01 -2.93206777e+00 1.87341460e+00 -1.60574649e+01 -2.95506727e+00 1.88001403e+00 4.30946557e-01 2.29994932e-02 -6.59943331e-03
2000             -1.69361027e+01 -3.18278560e+00 1.93050611e+00 -1.73675370e+01 -3.20194071e+00 1.93831818e+00 4.31434238e-01 1.91551146e-02 -7.81206524e-03
2010             -1.81949980e+01 -3.37279811e+00 1.24736111e+00 -1.86261163e+01 -3.39080922e+00 1.26059491e+00 4.31118358e-01 1.80111166e-02 -1.32338035e-02
2020             -1.93410762e+01 -2.88206438e+00 1.13093418e+00 -1.97713192e+01 -2.90186618e+00 1.14972312e+00 4.30243037e-01 1.98017944e-02 -1.87889412e-02
2030             -2.02284279e+01 -1.57877062e+00 1.59190707e+00 -2.06556846e+01 -1.60507724e+00 1.61302048e+00 4.27256643e-01 2.63066212e-02 -2.11134090e-02
2040             -1.99929854e+01 -1.06273161e+00 1.65743101e+00 -2.04168113e+01 -1.09775552e+00 1.68021690e+00 4.23825916e-01 3.50239102e-02 -2.27858831e-02
2050             -1.90972460e+01 -1.08380367e+00 1.84413266e+00 -1.95194183e+01 -1.12493091e+00 1.87014056e+00 4.22172333e-01 4.11272409e-02 -2.60078958e-02
2060             -1.81940692e+01 -5.86521034e-01 2.16907905e+00 -1.86173635e+01 -6.32661573e-01 2.19803996e+00 4.23294324e-01 4.61405383e-02 -2.89609104e-02
2070             -1.72993268e+01 1.44057197e-01 1.98821162e+00 -1.77253798e+01 9.57753907e-02 2.01731543e+00 4.26053038e-01 4.82818061e-02 -2.91038054e-02
2080             -1.60903073e+01 5.86502827e-01 1.54395650e+00 -1.65216401e+01 5.44090700e-01 1.57245685e+00 4.31332859e-01 4.24121265e-02 -2.85003518e-02
2090             -1.54958505e+01 7.63847759e-01 1.70564992e+00 -1.59324977e+01 7.35405814e-01 1.73099321e+00 4.36647164e-01 2.84419452e-02 -2.53432927e-02
2100             -1.61631649e+01 1.42266271e+00 2.58400929e+00 -1.66014911e+01 1.40826385e+00 2.60817277e+00 4.38326180e-01 1.43988558e-02 -2.41634710e-02
2110             -1.77836378e+01 2.20725916e+00 3.60531707e+00 -1.82190544e+01 2.19884872e+00 3.62855261e+00 4.35416647e-01 8.41043529e-03 -2.32355416e-02
2120             -1.99009334e+01 2.72927231e+00 4.47500487e+00 -2.03319327e+01 2.72003108e+00 4.49671813e+00 4.30999302e-01 9.24123063e-03 -2.17132565e-02
2130             -2.13085726e+01 2.59097632e+00 4.68988773e+00 -2.17350802e+01 2.57999733e+00 4.70832580e+00 4.26507604e-01 1.09789829e-02 -1.84380672e-02
2140             -2.18481529e+01 1.98930142e+00 4.04069371e+00 -2.22731700e+01 1.97811517e+00 4.05461598e+00 4.25017056e-01 1.11862533e-02 -1.39222740e-02
2150             -2.17628636e+01 2.07434567e+00 3.68790567e+00 -2.21913476e+01 2.05899065e+00 3.69516779e+00 4.28483986e-01 1.53550220e-02 -7.26211892e-03
2160             -2.12240235e+01 1.67206784e+00 3.28562085e+00 -2.16588813e+01 1.64652052e+00 3.28209935e+00 4.34857778e-01 2.55473177e-02 3.52150010e-03
2170             -1.99352681e+01 1.18177201e-01 2.83434257e+00 -2.03760805e+01 8.32603128e-02 2.81740253e+00 4.40812423e-01 3.49168883e-02 1.69400381e-02
2180             -1.89730805e+01 -1.36942996e+00 2.43309912e+00 -1.94164942e+01 -1.40431658e+00 2.40558569e+00 4.43413720e-01 3.48866238e-02 2.75134274e-02
2190             -1.86749047e+01 -1.62617734e+00 2.86113584e+00 -1.91178321e+01 -1.65867247e+00 2.82786430e+00 4.42927380e-01 3.24951353e-02 3.32715318e-02
2200             -1.79367821e+01 -1.44531821e+00 3.37243377e+00 -1.83802800e+01 -1.47490057e+00 3.34020522e+00 4.43497920e-01 2.95823587e-02 3.22285488e-02
2210             -1.60779043e+01 -1.28560597e+00 3.50504111e+00 -1.65236472e+01 -1.30939893e+00 3.48125095e+00 4.45742925e-01 2.37929630e-02 2.37901587e-02
2220             -1.50199950e+01 -1.16028875e+00 3.47481182e+00 -1.54662965e+01 -1.17700441e+00 3.46452285e+00 4.46301431e-01 1.67156590e-02 1.02889702e-02
2230             -1.52298992e+01 -8.46921358e-01 3.51024164e+00 -1.56722734e+01 -8.58766279e-01 3.51384472e+00 4.42374157e-01 1.18449212e-02 -3.60307793e-03
2240             -1.65368734e+01 -8.81730650e-01 3.71162664e+00 -1.69722760e+01 -8.91282519e-01 3.72630439e+00 4.35402676e-01 9.55186930e-03 -1.46777457e-02
2250             -1.79264229e+01 -8.82326690e-01 3.66872018e+00 -1.83544766e+01 -8.92246876e-01 3.68992493e+00 4.28053752e-01 9.92018604e-03 -2.12047573e-02
2260             -1.67474280e+01 -8.47983010e-01 3.00600530e+00 -1.71715599e+01 -8.60867812e-01 3.03071622e+00 4.24131887e-01 1.28848021e-02 -2.47109218e-02
2270             -1.48570926e+01 -8.18344982e-01 2.64822332e+00 -1.52813699e+01 -8.31288510e-01 2.67113833e+00 4.24277254e-01 1.29435288e-02 -2.29150057e-02
2280             -1.37540555e+01 -7.91972878e-01 2.50617201e+00 -1.41798062e+01 -8.02390789e-01 2.52406620e+00 4.25750671e-01 1.04179116e-02 -1.78941833e-02
2290             -1.42731723e+01 -2.44456987e-01 2.58413273e+00 -1.46977304e+01 -2.52589160e-01 2.59794978e+00 4.24558052e-01 8.13217321e-03 -1.38170435e-02
2300             -1.53233984e+01 1.85160332e-01 2.55455478e+00 -1.57445947e+01 1.76199101e-01 2.56435406e+00 4.21196268e-01 8.96123068e-03 -9.79928237e-03
2310             -1.69179501e+01 2.79941446e-01 2.54482799e+00 -1.73388173e+01 2.65340955e-01 2.54961049e+00 4.20867164e-01 1.46004909e-02 -4.78249476e-03
2320             -1.76282086e+01 2.22890724e-01 2.28277489e+00 -1.80488733e+01 1.99356599e-01 2.28617591e+00 4.20664710e-01 2.35341250e-02 -3.40101776e-03
2330             -1.79751064e+01 2.56849549e-01 2.10329186e+00 -1.83914512e+01 2.25486316e-01 2.10776042e+00 4.16344821e-01 3.13632330e-02 -4.46855973e-03
2340             -1.86243540e+01 1.24100639e-01 1.68997749e+00 -1.90371978e+01 8.76549957e-02 1.69650392e+00 4.12843821e-01 3.64456437e-02 -6.52643729e-03
2350             -2.00644990e+01 1.76966163e-02 1.19193891e+00 -2.04755959e+01 -2.14084986e-02 1.20205667e+00 4.11096848e-01 3.91051149e-02 -1.01177615e-02
2360             -2.12217016e+01 -3.99640106e-02 1.10642938e+00 -2.16306860e+01 -7.75331440e-02 1.12154995e+00 4.08984383e-01 3.75691334e-02 -1.51205784e-02
2370             -2.12718550e+01 -6.08824672e-02 7.25031268e-01 -2.16823018e+01 -9.50387667e-02 7.42922783e-01 4.10446838e-01 3.41562996e-02 -1.78915144e-02
2380             -2.02761116e+01 -8.26499665e-02 2.35561134e-01 -2.06930415e+01 -1.14342082e-01 2.55700827e-01 4.16929899e-01 3.16921157e-02 -2.01396931e-02
2390             -1.86791231e+01 -3.87781551e-01 3.01335004e-03 -1.91053680e+01 -4.16375129e-01 2.40260534e-02 4.26244922e-01 2.85935775e-02 -2.10127034e-02
2400             -1.75666009e+01 -9.58290327e-01 4.78794838e-01 -1.79987387e+01 -9.82283430e-01 4.97999059e-01 4.32137865e-01 2.39931031e-02 -1.92042203e-02
2410             -1.71507615e+01 -1.29116108e+00 1.05341050e+00 -1.75848652e+01 -1.31093588e+00 1.06839719e+00 4.34103701e-01 1.97747938e-02 -1.49866853e-02
2420             -1.68454244e+01 -1.02730708e+00 1.79219119e+00 -1.72794487e+01 -1.04242217e+00 1.80280779e+00 4.34024217e-01 1.51150878e-02 -1.06165914e-02
2430             -1.62391058e+01 -4.72729154e-01 2.52160240e+00 -1.66729947e+01 -4.84792081e-01 2.52443765e+00 4.33888896e-01 1.20629268e-02 -2.83524495e-03
2440             -1.50731240e+01 -2.87140385e-01 3.31302318e+00 -1.55074434e+01 -2.99072092e-01 3.30608587e+00 4.34319406e-01 1.19317072e-02 6.93731198e-03
2450             -1.43871687e+01 -2.02349411e-01 3.53975856e+00 -1.48228931e+01 -2.15654118e-01 3.52830392e+00 4.35724370e-01 1.33047074e-02 1.14546404e-02
2460             -1.57088592e+01 -5.75206717e-02 2.75372825e+00 -1.61454684e+01 -7.10716753e-02 2.74023161e+00 4.36609273e-01 1.35510036e-02 1.34966404e-02
2470             -1.82795568e+01 -3.53193370e-01 1.87753701e+00 -1.87142127e+01 -3.65026925e-01 1.86396466e+00 4.34655899e-01 1.18335553e-02 1.35723468e-02
2480             -1.97127387e+01 -1.09135317e+00 1.25863681e+00 -2.01449647e+01 -1.09936993e+00 1.24802788e+00 4.32225959e-01 8.01676023e-03 1.06089278e-02
2490             -1.96757928e+01 -1.23575528e+00 9.74340577e-01 -2.01054433e+01 -1.24165759e+00 9.70878769e-01 4.29650466e-01 5.90230752e-03 3.46180845e-03
2500             -2.06123191e+01 -9.47885431e-01 1.04711110e+00 -2.10386046e+01 -9.54907213e-01 1.05316570e+00 4.26285469e-01 7.02178164e-03 -6.05460426e-03
2510             -2.18755659e+01 -7.43257927e-01 1.01457847e+00 -2.22983450e+01 -7.51168580e-01 1.02903141e+00 4.22779130e-01 7.91065380e-03 -1.44529438e-02
2520             -2.21492630e+01 -8.78160772e-01 1.51949843e+00 -2.25706994e+01 -8.85436036e-01 1.53766634e+00 4.21436412e-01 7.27526331e-03 -1.81679117e-02
2530             -2.13618351e+01 -1.46164796e+00 2.33198652e+00 -2.17862446e+01 -1.47109079e+00 2.34801384e+00 4.24409428e-01 9.44282213e-03 -1.60273213e-02
2540             -2.03329324e+01 -2.09908273e+00 2.59580154e+00 -2.07619503e+01 -2.11447480e+00 2.60711552e+00 4.29017877e-01 1.53920752e-02 -1.13139812e-02
2550             -1.98660310e+01 -2.25841184e+00 2.73907470e+00 -2.03003358e+01 -2.27887628e+00 2.74538194e+00 4.34304826e-01 2.04644353e-02 -6.30723977e-03
2560             -1.87514787e+01 -2.04983561e+00 2.69682864e+00 -1.91886750e+01 -2.07525814e+00 2.70115096e+00 4.37196279e-01 2.54225275e-02 -4.32231328e-03
2570             -1.80703952e+01 -8.79649473e-01 2.42517300e+00 -1.85065247e+01 -9.05522113e-01 2.43549950e+00 4.36129556e-01 2.58726398e-02 -1.03265047e-02
2580             -1.78590967e+01 -4.02919143e-01 1.79548253e+00 -1.82932184e+01 -4.23804193e-01 1.81786354e+00 4.34121730e-01 2.08850504e-02 -2.23810015e-02
2590             -1.76291187e+01 -1.25533490e+00 1.25039894e+00 -1.80629640e+01 -1.27018690e+00 1.28781634e+00 4.33845250e-01 1.48519948e-02 -3.74174013e-02
2600             -1.67763513e+01 -2.01803856e+00 1.48080932e+00 -1.72094203e+01 -2.03208313e+00 1.52965849e+00 4.33068927e-01 1.40445688e-02 -4.88491686e-02
2610             -1.56571873e+01 -2.07968774e+00 1.61706536e+00 -1.60898007e+01 -2.09593759e+00 1.67415800e+00 4.32613413e-01 1.62498475e-02 -5.70926342e-02
2620             -1.50217850e+01 -2.15622682e+00 1.62235102e+00 -1.54531318e+01 -2.17309330e+00 1.68400989e+00 4.31346877e-01 1.68664756e-02 -6.16588656e-02
2630             -1.58838248e+01 -2.54524288e+00 1.46318376e+00 -1.63117661e+01 -2.56039445e+00 1.52834564e+00 4.27941349e-01 1.51515678e-02 -6.51618819e-02
2640             -1.69412046e+01 -3.09765915e+00 1.14585498e+00 -1.73634235e+01 -3.10798697e+00 1.21447583e+00 4.22218912e-01 1.03278120e-02 -6.86208587e-02
2650             -1.77679841e+01 -3.58551001e+00 7.83658881e-01 -1.81863284e+01 -3.58964015e+00 8.53915733e-01 4.18344352e-01 4.13014406e-03 -7.02568522e-02
2660             -1.79563854e+01 -4.37060121e+00 7.36461339e-01 -1.83729868e+01 -4.36636217e+00 8.06482593e-01 4.16601336e-01 -4.23904292e-03 -7.00212536e-02
2670             -1.77219704e+01 -4.33903275e+00 4.18499160e-01 -1.81387479e+01 -4.33284476e+00 4.84570712e-01 4.16777535e-01 -6.18799041e-03 -6.60715522e-02
2680             -1.68845719e+01 -3.28487737e+00 -1.71055091e-01 -1.73032658e+01 -3.28573165e+00 -1.12337304e-01 4.18693891e-01 8.54279317e-04 -5.87177871e-02
2690             -1.69297400e+01 -2.24952309e+00 2.04761383e-01 -1.73511039e+01 -2.26048071e+00 2.60669985e-01 4.21363936e-01 1.09576204e-02 -5.59086019e-02
2700             -1.70061814e+01 -1.71509765e+00 1.17403183e+00 -1.74304445e+01 -1.73473541e+00 1.22969268e+00 4.24263009e-01 1.96377621e-02 -5.56608535e-02
2710             -1.61094499e+01 -1.60190931e+00 2.06479286e+00 -1.65348210e+01 -1.62622159e+00 2.12034852e+00 4.25371132e-01 2.43122783e-02 -5.55556611e-02
2720             -1.54290668e+01 -1.61604917e+00 2.30200233e+00 -1.58549838e+01 -1.64253578e+00 2.35608741e+00 4.25916993e-01 2.64866057e-02 -5.40850771e-02
2730             -1.57156407e+01 -1.43256332e+00 2.18340814e+00 -1.61426805e+01 -1.46060493e+00 2.23284710e+00 4.27039825e-01 2.80416164e-02 -4.94389559e-02
2740             -1.70129253e+01 -8.74729551e-01 2.23794154e+00 -1.74392687e+01 -9.04664682e-01 2.28367180e+00 4.26343401e-01 2.99351316e-02 -4.57302583e-02
2750             -1.79734260e+01 -5.94426804e-01 1.95366000e+00 -1.83969917e+01 -6.27648952e-01 1.99945184e+00 4.23565668e-01 3.32221480e-02 -4.57918493e-02
2760             -1.85982322e+01 -7.06071417e-01 1.22754194e+00 -1.90193333e+01 -7.41186650e-01 1.27443316e+00 4.21101187e-01 3.51152332e-02 -4.68912146e-02
2770             -1.87878123e+01 -6.79272912e-01 1.86311944e-01 -1.92084041e+01 -7.16834574e-01 2.33476308e-01 4.20591797e-01 3.75616617e-02 -4.71643644e-02
2780             -1.85387112e+01 -7.15142379e-01 -4.69544117e-01 -1.89607611e+01 -7.54218409e-01 -4.22807185e-01 4.22049851e-01 3.90760300e-02 -4.67369323e-02
2790             -1.83999120e+01 -6.99725576e-01 -4.96892850e-01 -1.88238710e+01 -7.38963824e-01 -4.50286261e-01 4.23959062e-01 3.92382474e-02 -4.66065885e-02
2800             -1.79611581e+01 -3.24776273e-01 2.75974314e-01 -1.83857770e+01 -3.63258027e-01 3.22450816e-01 4.24618888e-01 3.84817541e-02 -4.64765019e-02
2810             -1.73864737e+01 -2.43969629e-01 1.21635360e+00 -1.78106894e+01 -2.79807149e-01 1.26298330e+00 4.24215728e-01 3.58375201e-02 -4.66296970e-02
2820             -1.73561814e+01 -1.03328695e-01 1.37025368e+00 -1.77797992e+01 -1.35485024e-01 1.41624416e+00 4.23617770e-01 3.21563283e-02 -4.59904861e-02
2830             -1.87453201e+01 -1.63111719e-01 9.92055242e-01 -1.91684709e+01 -1.93539432e-01 1.03349993e+00 4.23150783e-01 3.04277129e-02 -4.14446895e-02
2840             -2.01221618e+01 3.42320569e-02 9.67535969e-01 -2.05431837e+01 4.31760271e-03 1.00332095e+00 4.21021920e-01 2.99144542e-02 -3.57849772e-02
2850             -2.03783245e+01 -3.96096951e-02 8.33292617e-01 -2.07947163e+01 -6.64982962e-02 8.68207100e-01 4.16391799e-01 2.68886011e-02 -3.49144832e-02
2860             -2.01033049e+01 -6.99084423e-02 8.65489341e-01 -2.05176061e+01 -8.79800670e-02 9.05155376e-01 4.14301133e-01 1.80716247e-02 -3.96660351e-02
2870             -1.98932655e+01 -1.63748652e-01 1.04707995e+00 -2.03096721e+01 -1.74136271e-01 1.09233341e+00 4.16406600e-01 1.03876191e-02 -4.52534548e-02
2880             -2.02420612e+01 -3.21563458e-01 1.47823585e+00 -2.06652495e+01 -3.30579436e-01 1.52471128e+00 4.23188355e-01 9.01597714e-03 -4.64754253e-02
2890             -2.09116641e+01 1.93685124e-01 1.91318144e+00 -2.13438451e+01 1.84348072e-01 1.95470201e+00 4.32181054e-01 9.33705206e-03 -4.15205710e-02
2900             -2.05042435e+01 1.25170942e+00 1.78641704e+00 -2.09446127e+01 1.24199850e+00 1.81895482e+00 4.40369163e-01 9.71092037e-03 -3.25377828e-02
2910             -1.87717464e+01 1.23065547e+00 1.72984710e+00 -1.92174218e+01 1.22090487e+00 1.75818043e+00 4.45675416e-01 9.75059587e-03 -2.83333336e-02
2920             -1.70949526e+01 1.08767723e+00 2.06534598e+00 -1.75430578e+01 1.08204028e+00 2.09217089e+00 4.48105214e-01 5.63694634e-03 -2.68249121e-02
2930             -1.64075833e+01 2.51676716e-01 2.33734292e+00 -1.68556978e+01 2.54242836e-01 2.36413906e+00 4.48114407e-01 -2.56611982e-03 -2.67961368e-02
2940             -1.77093585e+01 -5.79809977e-01 2.60769923e+00 -1.81562447e+01 -5.76897282e-01 2.63227267e+00 4.46886165e-01 -2.91269473e-03 -2.45734420e-02
2950             -1.84897023e+01 -1.31198798e+00 2.68044027e+00 -1.89357392e+01 -1.31297286e+00 2.70427407e+00 4.46036922e-01 9.84887522e-04 -2.38338068e-02
2960             -1.83476718e+01 -2.06521088e+00 2.12607519e+00 -1.87937507e+01 -2.07174167e+00 2.15103185e+00 4.46078919e-01 6.53078915e-03 -2.49566658e-02
2970             -1.79801385e+01 -3.04003643e+00 1.88130073e+00 -1.84260505e+01 -3.05539327e+00 1.90770063e+00 4.45911997e-01 1.53568371e-02 -2.63998931e-02
2980             -1.71422832e+01 -3.36289502e+00 2.41550992e+00 -1.75888462e+01 -3.38841786e+00 2.43846243e+00 4.46562995e-01 2.55228421e-02 -2.29525122e-02
2990             -1.52143464e+01 -3.45926338e+00 3.14757979e+00 -1.56609653e+01 -3.48798028e+00 3.16541324e+00 4.46618905e-01 2.87169030e-02 -1.78334500e-02
3000             -1.33391193e+01 -3.28852048e+00 3.81869276e+00 -1.37840356e+01 -3.31396234e+00 3.83285349e+00 4.44916285e-01 2.54418593e-02 -1.41607270e-02
3010             -1.20316084e+01 -3.35658285e+00 4.52344886e+00 -1.24764976e+01 -3.38170105e+00 4.53256914e+00 4.44889149e-01 2.51181985e-02 -9.12027976e-03
3020             -1.21628127e+01 -2.92686541e+00 4.57531848e+00 -1.26086639e+01 -2.95253880e+00 4.57788081e+00 4.45851193e-01 2.56733991e-02 -2.56233086e-03
3030             -1.33545977e+01 -2.61987222e+00 4.68221882e+00 -1.37981227e+01 -2.64480639e+00 4.68245027e+00 4.43525033e-01 2.49341715e-02 -2.31449293e-04
3040             -1.47169914e+01 -2.92596348e+00 4.66333613e+00 -1.51560982e+01 -2.95096854e+00 4.66429606e+00 4.39106778e-01 2.50050573e-02 -9.59930610e-04
3050             -1.52262345e+01 -3.37666898e+00 3.66816373e+00 -1.56607922e+01 -3.40087497e+00 3.67236709e+00 4.34557680e-01 2.42059903e-02 -4.20335702e-03
3060             -1.65244920e+01 -3.01989915e+00 2.80649217e+00 -1.69528255e+01 -3.04461083e+00 2.81632455e+00 4.28333451e-01 2.47116786e-02 -9.83237704e-03
3070             -1.84173450e+01 -2.56825597e+00 2.62254604e+00 -1.88394158e+01 -2.59611111e+00 2.63896679e+00 4.22070864e-01 2.78551449e-02 -1.64207508e-02
3080             -1.96866416e+01 -2.41574544e+00 2.53066676e+00 -2.01032170e+01 -2.44821377e+00 2.55183055e+00 4.16575450e-01 3.24683286e-02 -2.11637892e-02
3090             -1.95121031e+01 -1.98438823e+00 2.68515579e+00 -1.99255653e+01 -2.01904892e+00 2.70760408e+00 4.13462244e-01 3.46606902e-02 -2.24482971e-02
3100             -1.87110883e+01 -1.02682573e+00 2.39012695e+00 -1.91217852e+01 -1.05928879e+00 2.41549214e+00 4.10696954e-01 3.24630543e-02 -2.53651944e-02
3110             -1.87628889e+01 -2.04481710e-01 2.24536257e+00 -1.91727712e+01 -2.34023989e-01 2.27504331e+00 4.09882303e-01 2.95422795e-02 -2.96807354e-02
3120             -1.91657457e+01 8.34845634e-03 2.33231791e+00 -1.95767842e+01 -1.81877395e-02 2.36353616e+00 4.11038514e-01 2.65361958e-02 -3.12182490e-02
3130             -1.99274949e+01 -2.06746236e-01 2.69033689e+00 -2.03361971e+01 -2.29084908e-01 2.72450804e+00 4.08702185e-01 2.23386725e-02 -3.41711496e-02
3140             -2.14347181e+01 5.68717696e-02 3.30847085e+00 -2.18397595e+01 3.64873394e-02 3.34791825e+00 4.05041430e-01 2.03844302e-02 -3.94474008e-02
3150             -2.22123415e+01 8.71052447e-01 3.62516992e+00 -2.26176151e+01 8.50957493e-01 3.66768478e+00 4.05273599e-01 2.00949537e-02 -4.25148649e-02
3160             -2.27305937e+01 6.85492052e-01 3.44985428e+00 -2.31387025e+01 6.67067649e-01 3.49226135e+00 4.08108863e-01 1.84244033e-02 -4.24070657e-02
3170             -2.27793660e+01 4.42029693e-01 3.04952306e+00 -2.31934769e+01 4.24059942e-01 3.09064689e+00 4.14110941e-01 1.79697512e-02 -4.11238319e-02
3180             -2.23449577e+01 8.94180821e-01 2.58281679e+00 -2.27665641e+01 8.77164310e-01 2.62093204e+00 4.21606373e-01 1.70165109e-02 -3.81152500e-02
3190             -2.06281546e+01 2.19801203e+00 2.11509584e+00 -2.10571344e+01 2.18504057e+00 2.15157517e+00 4.28979845e-01 1.29714660e-02 -3.64793250e-02
3200             -1.87186298e+01 2.94722322e+00 1.85765627e+00 -1.91548590e+01 2.93933151e+00 1.89281714e+00 4.36229247e-01 7.89171700e-03 -3.51608699e-02
3210             -1.85227080e+01 2.56625198e+00 1.85253203e+00 -1.89626532e+01 2.56340011e+00 1.88129910e+00 4.39945217e-01 2.85186735e-03 -2.87670756e-02
3220             -1.88999595e+01 1.18557059e+00 1.57915049e+00 -1.93383116e+01 1.18823182e+00 1.59950857e+00 4.38352151e-01 -2.66122477e-03 -2.03580754e-02
3230             -1.92927856e+01 4.63029508e-01 1.79233482e+00 -1.97296039e+01 4.67206318e-01 1.80737361e+00 4.36818344e-01 -4.17680999e-03 -1.50387953e-02
3240             -2.03008264e+01 -5.62883457e-01 2.03467771e+00 -2.07381613e+01 -5.63291107e-01 2.04497331e+00 4.37334926e-01 4.07650728e-04 -1.02955974e-02
3250             -2.07848358e+01 -1.73559725e+00 1.92967786e+00 -2.12228045e+01 -1.74300594e+00 1.93845097e+00 4.37968731e-01 7.40868653e-03 -8.77311328e-03
3260             -1.96535396e+01 -1.97056646e+00 2.27142506e+00 -2.00931169e+01 -1.98640355e+00 2.28019052e+00 4.39577260e-01 1.58370809e-02 -8.76546539e-03
3270             -1.76198798e+01 -2.83150352e+00 3.04638654e+00 -1.80614494e+01 -2.85586495e+00 3.05071805e+00 4.41569637e-01 2.43614284e-02 -4.33151387e-03
3280             -1.59083850e+01 -3.73645986e+00 3.47801469e+00 -1.63511970e+01 -3.76344740e+00 3.47314952e+00 4.42811989e-01 2.69875468e-02 4.86517794e-03
3290             -1.52065904e+01 -4.49066374e+00 3.16370618e+00 -1.56512547e+01 -4.51497875e+00 3.15382986e+00 4.44664328e-01 2.43150065e-02 9.87632865e-03
3300             -1.53687736e+01 -4.69423895e+00 3.01882291e+00 -1.58154684e+01 -4.71212296e+00 3.01017853e+00 4.46694769e-01 1.78840169e-02 8.64437327e-03
3310             -1.52508312e+01 -3.67168698e+00 2.69816993e+00 -1.56989834e+01 -3.68059906e+00 2.69376558e+00 4.48152225e-01 8.91208789e-03 4.40435282e-03
3320             -1.39570099e+01 -2.58705448e+00 2.73689948e+00 -1.44045288e+01 -2.58748119e+00 2.73908068e+00 4.47518988e-01 4.26713212e-04 -2.18119805e-03
3330             -1.15180827e+01 -2.16309077e+00 3.05456868e+00 -1.19684453e+01 -2.16312376e+00 3.05861850e+00 4.50362608e-01 3.29916363e-05 -4.04981853e-03
3340             -1.10446074e+01 -2.24345415e+00 3.64191378e+00 -1.14983106e+01 -2.24918863e+00 3.64086921e+00 4.53703117e-01 5.73447742e-03 1.04457209e-03
3350             -1.18534945e+01 -2.46630915e+00 4.08645075e+00 -1.23054897e+01 -2.47443553e+00 4.08086240e+00 4.51995265e-01 8.12637814e-03 5.58835158e-03
3360             -1.27400280e+01 -2.15266792e+00 4.00747065e+00 -1.31877895e+01 -2.16462082e+00 3.99904604e+00 4.47761432e-01 1.19528941e-02 8.42461022e-03
3370             -1.32283748e+01 -1.12851870e+00 3.09691719e+00 -1.36703325e+01 -1.14721928e+00 3.08570712e+00 4.41957721e-01 1.87005813e-02 1.12100734e-02
3380             -1.41589967e+01 1.29380330e-01 1.90544362e+00 -1.45943205e+01 1.04510677e-01 1.89527696e+00 4.35323862e-01 2.48696537e-02 1.01666576e-02
3390             -1.53900136e+01 4.55836540e-01 1.49196946e+00 -1.58195303e+01 4.27097025e-01 1.48881358e+00 4.29516692e-01 2.87395153e-02 3.15587794e-03
3400             -1.59564764e+01 2.07417245e-03 1.44916820e+00 -1.63858090e+01 -2.81053414e-02 1.45297212e+00 4.29332553e-01 3.01795139e-02 -3.80391700e-03
3410             -1.67795108e+01 1.53542182e-01 1.22459286e+00 -1.72117888e+01 1.20146043e-01 1.23520728e+00 4.32278064e-01 3.33961389e-02 -1.06144168e-02
3420             -1.66864755e+01 2.67318295e-01 1.36982033e+00 -1.71210457e+01 2.27514531e-01 1.38622497e+00 4.34570245e-01 3.98037633e-02 -1.64046415e-02
3430             -1.63447803e+01 1.58139613e-01 1.65579659e+00 -1.67810556e+01 1.15153907e-01 1.67616609e+00 4.36275326e-01 4.29857055e-02 -2.03694928e-02
3440             -1.61725410e+01 -5.91152547e-02 1.46890985e+00 -1.66110091e+01 -9.84033906e-02 1.49331327e+00 4.38468102e-01 3.92881359e-02 -2.44034256e-02
3450             -1.66422766e+01 2.61178843e-01 4.78280964e-01 -1.70806968e+01 2.27861150e-01 5.07585458e-01 4.38420247e-01 3.33176928e-02 -2.93044936e-02
3460             -1.72911495e+01 6.93149498e-01 -3.79437732e-01 -1.77301878e+01 6.64383682e-01 -3.46475853e-01 4.39038255e-01 2.87658162e-02 -3.29618791e-02
3470             -1.87048826e+01 1.24454296e+00 -7.35404120e-01 -1.91447402e+01 1.21786382e+00 -7.00841735e-01 4.39857600e-01 2.66791420e-02 -3.45623851e-02
3480             -2.03269089e+01 9.48113194e-01 -1.00106038e+00 -2.07668857e+01 9.22888463e-01 -9.64763025e-01 4.39976826e-01 2.52247308e-02 -3.62973584e-02
3490             -2.09569871e+01 2.56884369e-01 -1.17553982e+00 -2.13974167e+01 2.31996952e-01 -1.13728744e+00 4.40429564e-01 2.48874168e-02 -3.82523825e-02
3500             -2.07901358e+01 -1.51356906e-01 -1.42655451e+00 -2.12329975e+01 -1.77061229e-01 -1.38966700e+00 4.42861743e-01 2.57043229e-02 -3.68875076e-02
3510             -2.04484092e+01 -4.94836562e-01 -9.23744261e-01 -2.08964384e+01 -5.23065126e-01 -8.93825188e-01 4.48029122e-01 2.82285636e-02 -2.99190726e-02
3520             -2.04941639e+01 -1.10931469e+00 3.65629819e-01 -2.09431240e+01 -1.14317567e+00 3.83506805e-01 4.48960045e-01 3.38609878e-02 -1.78769866e-02
3530             -1.99738471e+01 -2.12753528e+00 1.50113582e+00 -2.04224462e+01 -2.16304690e+00 1.50368902e+00 4.48599066e-01 3.55116222e-02 -2.55320241e-03
3540             -1.89671908e+01 -1.68807584e+00 2.05075825e+00 -1.94147674e+01 -1.71914756e+00 2.03929429e+00 4.47576642e-01 3.10717189e-02 1.14639558e-02
3550             -1.84670785e+01 -8.87153823e-01 2.47702973e+00 -1.89105428e+01 -9.13864239e-01 2.45798231e+00 4.43464286e-01 2.67104165e-02 1.90474204e-02
3560             -1.90972009e+01 -4.52468050e-01 2.54641253e+00 -1.95342413e+01 -4.73421872e-01 2.52524763e+00 4.37040400e-01 2.09538221e-02 2.11649033e-02
3570             -1.98142690e+01 -6.65365668e-01 1.80554448e+00 -2.02462418e+01 -6.78813223e-01 1.78250494e+00 4.31972828e-01 1.34475547e-02 2.30395421e-02
3580             -2.00541693e+01 -1.59468414e+00 9.23745408e-01 -2.04851325e+01 -1.59902190e+00 8.98775902e-01 4.30963162e-01 4.33776082e-03 2.49695053e-02
3590             -1.96720367e+01 -1.19893446e+00 6.66208980e-01 -2.01029036e+01 -1.19463044e+00 6.39645148e-01 4.30866900e-01 -4.30402154e-03 2.65638321e-02
3600             -1.74466728e+01 8.23236695e-02 5.88385321e-01 -1.78776876e+01 9.33390268e-02 5.64847842e-01 4.31014779e-01 -1.10153573e-02 2.35374793e-02
3610             -1.49807644e+01 4.22842512e-01 9.67660188e-01 -1.54134928e+01 4.38771514e-01 9.49013111e-01 4.32728355e-01 -1.59290015e-02 1.86470771e-02
3620             -1.40611514e+01 -2.00852949e-02 1.43671477e+00 -1.44967828e+01 -3.20474267e-03 1.42014897e+00 4.35631436e-01 -1.68805523e-02 1.65657994e-02
3630             -1.46755124e+01 -6.78540711e-01 1.67769547e+00 -1.51126146e+01 -6.62463296e-01 1.66475235e+00 4.37102123e-01 -1.60774146e-02 1.29431211e-02
3640             -1.58899906e+01 -1.49495660e+00 1.68617057e+00 -1.63260452e+01 -1.47833914e+00 1.68022835e+00 4.36054584e-01 -1.66174630e-02 5.94221826e-03
3650             -1.79621273e+01 -1.97641632e+00 2.08587035e+00 -1.83937049e+01 -1.95966291e+00 2.08582293e+00 4.31577586e-01 -1.67534101e-02 4.74177987e-05
3660             -2.02454000e+01 -2.11305115e+00 2.79702194e+00 -2.06686068e+01 -2.09914582e+00 2.80180580e+00 4.23206815e-01 -1.39053272e-02 -4.78386088e-03
3670             -2.10455477e+01 -2.31414403e+00 3.41588932e+00 -2.14594890e+01 -2.30498086e+00 3.42691670e+00 4.13941252e-01 -9.16317589e-03 -1.10273779e-02
3680             -2.00167557e+01 -1.81495022e+00 3.66247615e+00 -2.04264679e+01 -1.81536328e+00 3.67850935e+00 4.09712255e-01 4.13059971e-04 -1.60331960e-02
3690             -1.69142557e+01 -1.90526610e+00 3.41518215e+00 -1.73266973e+01 -1.91763303e+00 3.43284677e+00 4.12441574e-01 1.23669268e-02 -1.76646201e-02
3700             -1.48884160e+01 -1.65204020e+00 3.87464241e+00 -1.53048983e+01 -1.67289775e+00 3.89309613e+00 4.16482327e-01 2.08575541e-02 -1.84537181e-02
3710             -1.49319063e+01 1.63877350e-03 4.25904214e+00 -1.53516707e+01 -2.72926584e-02 4.27853778e+00 4.19764372e-01 2.89314319e-02 -1.94956364e-02
3720             -1.49029085e+01 1.02188402e+00 3.54567288e+00 -1.53260201e+01 9.87348921e-01 3.56475840e+00 4.23111661e-01 3.45351015e-02 -1.90855192e-02
3730             -1.38209803e+01 9.14216564e-01 2.29109812e+00 -1.42469463e+01 8.79302530e-01 2.30874436e+00 4.25966001e-01 3.49140339e-02 -1.76462389e-02
3740             -1.26864633e+01 5.71249515e-01 1.66005990e+00 -1.31159509e+01 5.38983560e-01 1.67447608e+00 4.29487641e-01 3.22659550e-02 -1.44161751e-02
3750             -1.26955523e+01 4.66191970e-02 1.20106241e+00 -1.31284395e+01 1.77790055e-02 1.21265200e+00 4.32887214e-01 2.88401915e-02 -1.15895879e-02
3760             -1.37126735e+01 -4.69850764e-01 7.05760188e-01 -1.41460587e+01 -4.90676436e-01 7.15008102e-01 4.33385153e-01 2.08256723e-02 -9.24791332e-03
3770             -1.55308669e+01 -7.13053309e-01 9.25205121e-01 -1.59620434e+01 -7.25447068e-01 9.34041812e-01 4.31176585e-01 1.23937583e-02 -8.83669115e-03
3780             -1.75867015e+01 -7.26954431e-01 1.34051915e+00 -1.80148340e+01 -7.36168415e-01 1.35173584e+00 4.28132511e-01 9.21398400e-03 -1.12166956e-02
3790             -1.99595178e+01 -6.85913689e-01 6.82378786e-01 -2.03852515e+01 -6.96959366e-01 7.00475481e-01 4.25733650e-01 1.10456773e-02 -1.80966950e-02
3800             -2.19290877e+01 -5.17154239e-01 -3.06383128e-01 -2.23545036e+01 -5.34139510e-01 -2.83011097e-01 4.25415955e-01 1.69852710e-02 -2.33720304e-02
3810             -2.24183741e+01 -7.46882301e-01 -1.93597711e-01 -2.28456586e+01 -7.70965710e-01 -1.70539697e-01 4.27284516e-01 2.40834090e-02 -2.30580137e-02
3820             -2.17197965e+01 -6.60419181e-01 2.75622385e-01 -2.21531764e+01 -6.89921371e-01 2.95150742e-01 4.33379913e-01 2.95021895e-02 -1.95283567e-02
3830             -2.12350619e+01 -1.07507517e+00 5.61358961e-01 -2.16758917e+01 -1.10720463e+00 5.77722589e-01 4.40829791e-01 3.21294660e-02 -1.63636277e-02
3840             -2.17785728e+01 -1.43993822e+00 7.96250726e-01 -2.22236383e+01 -1.47510708e+00 8.10449013e-01 4.45065465e-01 3.51688615e-02 -1.41982875e-02
3850             -2.29024027e+01 -1.76528936e+00 5.97266430e-01 -2.33488853e+01 -1.80040475e+00 6.08572804e-01 4.46482618e-01 3.51153866e-02 -1.13063732e-02
3860             -2.34829337e+01 -2.71075047e+00 4.79887003e-01 -2.39296172e+01 -2.74221493e+00 4.84733722e-01 4.46683551e-01 3.14644573e-02 -4.84671840e-03
3870             -2.35163307e+01 -3.53300188e+00 1.72032724e+00 -2.39597261e+01 -3.56373600e+00 1.71159811e+00 4.43395408e-01 3.07341201e-02 8.72912606e-03
3880             -2.25676719e+01 -3.47607829e+00 2.58426410e+00 -2.30041363e+01 -3.50869823e+00 2.56309941e+00 4.36464347e-01 3.26199434e-02 2.11646869e-02
3890             -2.00999507e+01 -2.91156215e+00 1.99495834e+00 -2.05338763e+01 -2.94124838e+00 1.96787803e+00 4.33925587e-01 2.96862232e-02 2.70803016e-02
3900             -1.82043536e+01 -2.51811327e+00 1.67003528e+00 -1.86387068e+01 -2.53983137e+00 1.63980708e+00 4.34353201e-01 2.17181039e-02 3.02282007e-02
3910             -1.65556759e+01 -2.53290663e+00 1.50351709e+00 -1.69903368e+01 -2.54323700e+00 1.47382637e+00 4.34660923e-01 1.03303686e-02 2.96907185e-02
3920             -1.57645603e+01 -2.87180261e+00 1.98492031e+00 -1.62009217e+01 -2.87013818e+00 1.95860853e+00 4.36361376e-01 -1.66442101e-03 2.63117817e-02
3930             -1.70782621e+01 -3.18813882e+00 2.24074454e+00 -1.75144029e+01 -3.17894465e+00 2.21774197e+00 4.36140771e-01 -9.19417288e-03 2.30025676e-02
3940             -1.77524103e+01 -3.09493903e+00 2.29813382e+00 -1.81856171e+01 -3.08288482e+00 2.28293455e+00 4.33206777e-01 -1.20542101e-02 1.51992687e-02
3950             -1.69300334e+01 -2.66393205e+00 1.91007376e+00 -1.73602900e+01 -2.65107983e+00 1.90737893e+00 4.30256659e-01 -1.28522193e-02 2.69482574e-03
3960             -1.59807948e+01 -2.33531887e+00 1.76637939e+00 -1.64091138e+01 -2.32601981e+00 1.77772875e+00 4.28319041e-01 -9.29905756e-03 -1.13493594e-02
3970             -1.57994806e+01 -2.38595476e+00 1.87028791e+00 -1.62271973e+01 -2.38102191e+00 1.89417071e+00 4.27716671e-01 -4.93285197e-03 -2.38827979e-02
3980             -1.70037810e+01 -2.49016871e+00 1.90763714e+00 -1.74327777e+01 -2.49082864e+00 1.94207176e+00 4.28996638e-01 6.59933155e-04 -3.44346229e-02
3990             -1.90336766e+01 -1.75525104e+00 2.21746809e+00 -1.94620372e+01 -1.76402839e+00 2.25892447e+00 4.28360603e-01 8.77735916e-03 -4.14563783e-02
4000             -2.01050855e+01 -8.53365150e-01 2.62558470e+00 -2.05294799e+01 -8.71281420e-01 2.66948315e+00 4.24394446e-01 1.79162701e-02 -4.38984456e-02
4010             -1.95759693e+01 -5.47664536e-01 2.70067753e+00 -1.99972384e+01 -5.73109046e-01 2.74584672e+00 4.21269041e-01 2.54445095e-02 -4.51691884e-02
4020             -1.80802644e+01 2.61825592e-01 2.15499529e+00 -1.85024577e+01 2.31700039e-01 2.20140495e+00 4.22193336e-01 3.01255531e-02 -4.64096544e-02
4030             -1.72295972e+01 6.05059162e-01 1.66385797e+00 -1.76554705e+01 5.73785906e-01 1.71029204e+00 4.25873294e-01 3.12732570e-02 -4.64340716e-02
4040             -1.70452851e+01 6.52449806e-01 1.45344401e+00 -1.74767891e+01 6.25009930e-01 1.49979845e+00 4.31504073e-01 2.74398752e-02 -4.63544399e-02
4050             -1.58224083e+01 4.89231407e-01 1.39023239e+00 -1.62587058e+01 4.66472771e-01 1.43388910e+00 4.36297564e-01 2.27586357e-02 -4.36567167e-02
4060             -1.45222258e+01 -2.05713342e-01 1.55876300e+00 -1.49619393e+01 -2.19618447e-01 1.59490858e+00 4.39713472e-01 1.39051046e-02 -3.61455767e-02
4070             -1.44636277e+01 -7.15602698e-01 1.71713437e+00 -1.49034916e+01 -7.18249163e-01 1.74433925e+00 4.39863878e-01 2.64646504e-03 -2.72048793e-02
4080             -1.56382062e+01 -1.04159378e+00 1.82922426e+00 -1.60775531e+01 -1.03603883e+00 1.85018017e+00 4.39346914e-01 -5.55495417e-03 -2.09559079e-02
4090             -1.78823635e+01 -6.14324902e-01 2.02801045e+00 -1.83176213e+01 -6.08599291e-01 2.04676920e+00 4.35257811e-01 -5.72561095e-03 -1.87587538e-02
4100             -1.97505673e+01 5.25077418e-01 1.82133704e+00 -2.01788468e+01 5.25555111e-01 1.84346437e+00 4.28279434e-01 -4.77693252e-04 -2.21273298e-02
4110             -2.03673298e+01 -2.15604704e-01 1.61892832e+00 -2.07864941e+01 -2.19495166e-01 1.64954413e+00 4.19164233e-01 3.89046163e-03 -3.06158078e-02
4120             -2.06009622e+01 -2.09979487e+00 1.65985887e+00 -2.10144617e+01 -2.10644259e+00 1.69609772e+00 4.13499413e-01 6.64772827e-03 -3.62388450e-02
4130             -2.10871570e+01 -3.63212666e+00 1.97254866e+00 -2.14982846e+01 -3.64056124e+00 2.01058263e+00 4.11127593e-01 8.43458174e-03 -3.80339719e-02
4140             -2.13218748e+01 -4.26475104e+00 2.08105220e+00 -2.17348615e+01 -4.27346904e+00 2.11616267e+00 4.12986608e-01 8.71800066e-03 -3.51104721e-02
4150             -2.05628632e+01 -4.23952642e+00 1.72492405e+00 -2.09787602e+01 -4.25060919e+00 1.75060215e+00 4.15897005e-01 1.10827738e-02 -2.56781012e-02
4160             -1.84401958e+01 -4.10979085e+00 1.23897121e+00 -1.88608189e+01 -4.12079640e+00 1.25257519e+00 4.20623139e-01 1.10055529e-02 -1.36039726e-02
4170             -1.64304614e+01 -4.21052498e+00 8.05559050e-01 -1.68538109e+01 -4.21776079e+00 8.11418992e-01 4.23349480e-01 7.23581408e-03 -5.85994202e-03
4180             -1.50258090e+01 -4.75810897e+00 3.75492901e-01 -1.54488991e+01 -4.75773869e+00 3.77451156e-01 4.23090124e-01 -3.70283307e-04 -1.95825553e-03
4190             -1.45415949e+01 -4.67565028e+00 3.74575220e-01 -1.49651203e+01 -4.66716404e+00 3.77182108e-01 4.23525400e-01 -8.48623272e-03 -2.60688860e-03
4200             -1.47152339e+01 -3.93864472e+00 4.17349256e-01 -1.51386775e+01 -3.92442895e+00 4.22052838e-01 4.23443513e-01 -1.42157764e-02 -4.70358168e-03
4210             -1.46889808e+01 -3.32182561e+00 1.11837958e+00 -1.51144900e+01 -3.30746106e+00 1.12570299e+00 4.25509146e-01 -1.43645514e-02 -7.32340542e-03
4220             -1.49384907e+01 -2.39628130e+00 1.72455750e+00 -1.53661749e+01 -2.38755894e+00 1.73901187e+00 4.27684150e-01 -8.72236441e-03 -1.44543733e-02
4230             -1.43734824e+01 -2.08142908e+00 2.50757199e+00 -1.48050182e+01 -2.08113856e+00 2.52644294e+00 4.31535749e-01 -2.90520065e-04 -1.88709570e-02
4240             -1.42005354e+01 -1.96683615e+00 2.79670467e+00 -1.46389521e+01 -1.97536815e+00 2.81785586e+00 4.38416705e-01 8.53200304e-03 -2.11511877e-02
4250             -1.52417733e+01 -2.09728320e+00 3.08294343e+00 -1.56856041e+01 -2.11334422e+00 3.10702746e+00 4.43830744e-01 1.60610212e-02 -2.40840374e-02
4260             -1.73918847e+01 -2.22378873e+00 3.14983656e+00 -1.78381707e+01 -2.24530450e+00 3.17414251e+00 4.46286032e-01 2.15157693e-02 -2.43059449e-02
4270             -1.92574076e+01 -2.07794599e+00 2.27366153e+00 -1.97033528e+01 -2.10072719e+00 2.29541598e+00 4.45945181e-01 2.27811956e-02 -2.17544575e-02
4280             -2.02113395e+01 -1.46000628e+00 1.15306521e+00 -2.06531221e+01 -1.48136543e+00 1.17390745e+00 4.41782545e-01 2.13591468e-02 -2.08422459e-02
4290             -2.04131518e+01 -5.83914084e-01 4.48411242e-01 -2.08504643e+01 -6.03671264e-01 4.69415186e-01 4.37312487e-01 1.97571795e-02 -2.10039442e-02
4300             -2.11231178e+01 2.85661657e-01 4.26642633e-01 -2.15552056e+01 2.68749784e-01 4.49733588e-01 4.32087843e-01 1.69118727e-02 -2.30909546e-02
4310             -2.01690196e+01 5.24439536e-01 3.61157621e-01 -2.05964149e+01 5.12576062e-01 3.87886440e-01 4.27395300e-01 1.18634739e-02 -2.67288190e-02
4320             -1.77002096e+01 -3.96791231e-01 -1.45667060e-01 -1.81287999e+01 -3.99622416e-01 -1.16849298e-01 4.28590345e-01 2.83118521e-03 -2.88177617e-02
4330             -1.69564705e+01 -1.23122578e+00 2.49508757e-01 -1.73904095e+01 -1.23019658e+00 2.74927858e-01 4.33938958e-01 -1.02919190e-03 -2.54191010e-02
4340             -1.71492438e+01 -1.49788634e+00 1.15353898e+00 -1.75900414e+01 -1.49501769e+00 1.17319880e+00 4.40797672e-01 -2.86864342e-03 -1.96598208e-02
4350             -1.69563208e+01 -2.08940368e+00 1.16558314e+00 -1.74040952e+01 -2.08479769e+00 1.18286991e+00 4.47774398e-01 -4.60598857e-03 -1.72867643e-02
4360             -1.65522881e+01 -3.01866188e+00 1.56266124e-01 -1.70051363e+01 -3.01438038e+00 1.74886461e-01 4.52848159e-01 -4.28150008e-03 -1.86203367e-02
4370             -1.75814634e+01 -2.89452051e+00 -9.75255627e-01 -1.80340062e+01 -2.88476643e+00 -9.50160381e-01 4.52542784e-01 -9.75407494e-03 -2.50952460e-02
4380             -1.96623058e+01 -2.28245690e+00 -7.89061365e-01 -2.01095469e+01 -2.26304229e+00 -7.52001214e-01 4.47241117e-01 -1.94146078e-02 -3.70601518e-02
4390             -2.12833629e+01 -2.40942063e+00 1.70869789e-01 -2.17213870e+01 -2.38587509e+00 2.22072389e-01 4.38024058e-01 -2.35455368e-02 -5.12026004e-02
4400             -2.15462483e+01 -2.51315640e+00 1.10262239e+00 -2.19756850e+01 -2.49512724e+00 1.16319884e+00 4.29436693e-01 -1.80291600e-02 -6.05764565e-02
4410             -1.89861758e+01 -2.36220672e+00 1.91541640e+00 -1.94115712e+01 -2.35324226e+00 1.97654979e+00 4.25395402e-01 -8.96446041e-03 -6.11333848e-02
4420             -1.62697396e+01 -2.78385651e+00 2.82617921e+00 -1.66974361e+01 -2.78321298e+00 2.88262908e+00 4.27696414e-01 -6.43521662e-04 -5.64498695e-02
4430             -1.43950200e+01 -2.76218360e+00 3.74790107e+00 -1.48279120e+01 -2.76967275e+00 3.80102813e+00 4.32891975e-01 7.48915092e-03 -5.31270621e-02
4440             -1.44716374e+01 -2.62711316e+00 4.22369536e+00 -1.49098303e+01 -2.64218759e+00 4.27416076e+00 4.38192886e-01 1.50744337e-02 -5.04654014e-02
4450             -1.60303928e+01 -2.69048020e+00 3.91572303e+00 -1.64704920e+01 -2.71152881e+00 3.96287855e+00 4.40099153e-01 2.10486103e-02 -4.71555191e-02
4460             -1.74888368e+01 -2.40916673e+00 3.42705396e+00 -1.79259102e+01 -2.44032673e+00 3.46833459e+00 4.37073367e-01 3.11599952e-02 -4.12806333e-02
