# Field minima and maxima
# Time          	field           	min             	location(min)   	processor       	max             	location(max)   	processor       
10              	p               	-3.33370746e+02	(-2.19759806e-03 4.34834873e-02 2.23182238e-02)	5	7.08886637e+01	(-1.93577646e-03 -1.63204951e-03 -4.69819988e-02)	2
20              	p               	-3.12934476e+02	(-2.20917467e-03 -2.36168241e-03 -4.87767560e-02)	2	1.02833365e+02	(-1.94707289e-03 4.14687777e-02 2.20652874e-02)	5
30              	p               	-2.83678384e+02	(-2.19759806e-03 4.34834873e-02 2.23182238e-02)	5	9.95120407e+01	(-1.94707289e-03 4.14687777e-02 2.20652874e-02)	5
40              	p               	-2.47240572e+02	(-2.19759806e-03 4.34834873e-02 2.23182238e-02)	5	1.00079850e+02	(-1.93577646e-03 -1.63204951e-03 -4.69819988e-02)	2
50              	p               	-2.44912327e+02	(-2.19759806e-03 4.34834873e-02 2.23182238e-02)	5	1.00925424e+02	(-2.17041234e-03 4.17219255e-02 2.20403389e-02)	5
60              	p               	-2.44445375e+02	(-2.19759806e-03 4.34834873e-02 2.23182238e-02)	5	1.01467814e+02	(-2.17041234e-03 4.17219255e-02 2.20403389e-02)	5
70              	p               	-2.35262570e+02	(-2.19759806e-03 4.34834873e-02 2.23182238e-02)	5	1.01464983e+02	(-2.17041234e-03 4.17219255e-02 2.20403389e-02)	5
80              	p               	-2.28327776e+02	(-2.19759806e-03 4.34834873e-02 2.23182238e-02)	5	1.01535339e+02	(-1.96147706e-03 -3.97174311e-02 2.47895186e-02)	0
90              	p               	-2.24373059e+02	(-2.19759806e-03 4.34834873e-02 2.23182238e-02)	5	1.00264587e+02	(-1.96147706e-03 -3.97174311e-02 2.47895186e-02)	0
100             	p               	-2.26646940e+02	(5.79604643e-03 1.67363739e-03 -4.55100025e-02)	2	9.75438120e+01	(-1.96147706e-03 -3.97174311e-02 2.47895186e-02)	0
110             	p               	-2.30554826e+02	(5.79604643e-03 1.67363739e-03 -4.55100025e-02)	2	9.09764791e+01	(-1.93807112e-03 -3.94364271e-02 2.45723952e-02)	0
120             	p               	-2.37296808e+02	(5.79604643e-03 1.67363739e-03 -4.55100025e-02)	2	8.46437095e+01	(3.40756471e-03 -1.13765914e-02 4.97928497e-02)	0
130             	p               	-2.39929793e+02	(5.79604643e-03 1.67363739e-03 -4.55100025e-02)	2	8.80347476e+01	(4.15570695e-04 -4.97952178e-02 -1.13800713e-02)	1
140             	p               	-1.97654052e+02	(5.79604643e-03 1.67363739e-03 -4.55100025e-02)	2	9.26070197e+01	(-8.30985602e-05 -4.97952203e-02 -1.13800726e-02)	1
150             	p               	-1.88355548e+02	(1.79604883e-03 3.33793209e-02 3.13949915e-02)	4	9.21508080e+01	(-8.30985602e-05 -4.97952203e-02 -1.13800726e-02)	1
160             	p               	-1.91640379e+02	(1.79604883e-03 3.33793209e-02 3.13949915e-02)	4	9.23371586e+01	(2.41023035e-03 -1.13765652e-02 4.97929603e-02)	0
170             	p               	-1.88940468e+02	(1.79604883e-03 3.33793209e-02 3.13949915e-02)	4	8.97134448e+01	(2.41023035e-03 -1.13765652e-02 4.97929603e-02)	0
180             	p               	-1.85560033e+02	(5.01375598e-05 -3.99332452e-02 2.30817830e-02)	0	9.07674288e+01	(-7.56299477e-03 -3.25987080e-02 -3.96791428e-02)	1
190             	p               	-1.91175514e+02	(5.01375598e-05 -3.99332452e-02 2.30817830e-02)	0	1.04587366e+02	(-1.30049494e-02 -4.16890508e-02 3.00666237e-02)	0
200             	p               	-1.97887620e+02	(2.92322940e-04 -4.01925194e-02 2.30838825e-02)	0	1.05005449e+02	(-1.30049494e-02 -4.16890508e-02 3.00666237e-02)	0
210             	p               	-2.05189612e+02	(2.92322940e-04 -4.01925194e-02 2.30838825e-02)	0	1.05850888e+02	(-4.57105231e-03 3.00398025e-02 4.16528599e-02)	4
220             	p               	-2.07989438e+02	(2.92322940e-04 -4.01925194e-02 2.30838825e-02)	0	1.20960051e+02	(-4.07235017e-03 3.25985393e-02 3.96789501e-02)	4
230             	p               	-2.07153126e+02	(5.42125314e-04 -4.04331510e-02 2.30882865e-02)	0	1.26085458e+02	(-3.57368049e-03 3.25985180e-02 3.96789325e-02)	4
240             	p               	-2.04593273e+02	(5.42125314e-04 -4.04331510e-02 2.30882865e-02)	0	1.26616352e+02	(-8.31056147e-05 4.01289388e-02 -3.20485464e-02)	5
250             	p               	-2.01825527e+02	(5.42125314e-04 -4.04331510e-02 2.30882865e-02)	0	1.29986193e+02	(-1.57906173e-03 3.00397607e-02 4.16528281e-02)	4
260             	p               	-2.01353093e+02	(5.42125314e-04 -4.04331510e-02 2.30882865e-02)	0	1.33300742e+02	(-1.08039663e-03 3.00397562e-02 4.16528262e-02)	4
270             	p               	-2.00340023e+02	(5.42125314e-04 -4.04331510e-02 2.30882865e-02)	0	1.31856490e+02	(-1.39933197e-02 3.40960696e-02 3.86421042e-02)	4
280             	p               	-1.94675181e+02	(5.42125314e-04 -4.04331510e-02 2.30882865e-02)	0	1.19158167e+02	(-8.30674629e-05 3.00397504e-02 4.16528259e-02)	4
290             	p               	-1.83426209e+02	(5.42125314e-04 -4.04331510e-02 2.30882865e-02)	0	1.21301475e+02	(4.17263921e-04 -4.42020517e-02 2.60151644e-02)	0
300             	p               	-1.79630940e+02	(1.03375921e-03 6.23333508e-04 -4.67596454e-02)	2	1.37389783e+02	(4.14168868e-04 -4.21826465e-02 2.95621088e-02)	0
310             	p               	-1.80599648e+02	(1.03375921e-03 6.23333508e-04 -4.67596454e-02)	2	1.37599925e+02	(4.11368297e-04 4.66804758e-02 2.09407615e-02)	5
320             	p               	-1.76931891e+02	(1.03375921e-03 6.23333508e-04 -4.67596454e-02)	2	1.34486443e+02	(4.11368297e-04 4.66804758e-02 2.09407615e-02)	5
330             	p               	-1.71371168e+02	(1.04096376e-03 1.18479076e-04 -4.69972771e-02)	2	1.28568979e+02	(3.40851148e-03 -4.56623224e-02 2.34601321e-02)	0
340             	p               	-1.74047648e+02	(-1.42749627e-03 -4.09410362e-02 2.80839175e-02)	0	1.22896032e+02	(-8.06156286e-03 3.25984958e-02 3.96788903e-02)	4
350             	p               	-1.68944466e+02	(1.04096376e-03 1.18479076e-04 -4.69972771e-02)	2	1.17411410e+02	(-8.06156286e-03 3.25984958e-02 3.96788903e-02)	4
360             	p               	-1.67838551e+02	(1.04096376e-03 1.18479076e-04 -4.69972771e-02)	2	1.34919985e+02	(4.15167086e-04 -4.01169756e-02 3.20374820e-02)	0
370             	p               	-1.75972163e+02	(1.03850498e-02 2.19528353e-02 4.61776798e-02)	4	1.50308700e+02	(9.13029129e-04 -4.01161347e-02 3.20365111e-02)	0
380             	p               	-1.65820510e+02	(1.04096376e-03 1.18479076e-04 -4.69972771e-02)	2	1.32955066e+02	(9.13029129e-04 -4.01161347e-02 3.20365111e-02)	0
390             	p               	-1.67154239e+02	(1.04096376e-03 1.18479076e-04 -4.69972771e-02)	2	1.45320209e+02	(6.89815886e-03 4.01289465e-02 -3.20485498e-02)	5
400             	p               	-1.71212602e+02	(1.38266424e-02 -4.42010280e-02 2.65223907e-02)	0	1.53996131e+02	(7.39677199e-03 4.01289621e-02 -3.20485609e-02)	5
410             	p               	-2.05607606e+02	(1.38266424e-02 -4.42010280e-02 2.65223907e-02)	0	1.69061833e+02	(9.39034145e-03 4.01293776e-02 -3.20489173e-02)	5
420             	p               	-2.19668894e+02	(1.38266424e-02 -4.42010280e-02 2.65223907e-02)	0	1.67050111e+02	(1.03850905e-02 4.01310528e-02 -3.20504159e-02)	5
430             	p               	-1.84598004e+02	(1.38203440e-02 -4.21912862e-02 2.95589492e-02)	0	1.57405193e+02	(1.03850905e-02 4.01310528e-02 -3.20504159e-02)	5
440             	p               	-1.67749191e+02	(1.04096376e-03 1.18479076e-04 -4.69972771e-02)	2	1.38849602e+02	(1.38161057e-02 -3.86584601e-02 3.41094594e-02)	0
450             	p               	-1.72830212e+02	(1.04096376e-03 1.18479076e-04 -4.69972771e-02)	2	1.39234413e+02	(9.13029129e-04 -4.01161347e-02 3.20365111e-02)	0
460             	p               	-1.78589772e+02	(1.04096376e-03 1.18479076e-04 -4.69972771e-02)	2	1.39005409e+02	(4.15167086e-04 -4.01169756e-02 3.20374820e-02)	0
470             	p               	-1.83899195e+02	(1.04096376e-03 1.18479076e-04 -4.69972771e-02)	2	1.35972827e+02	(-1.57824955e-03 -4.01238896e-02 3.20440194e-02)	0
480             	p               	-1.86346167e+02	(1.04096376e-03 1.18479076e-04 -4.69972771e-02)	2	1.33536245e+02	(-5.56838651e-03 2.60204328e-02 4.42113363e-02)	4
490             	p               	-1.86621810e+02	(1.04096376e-03 1.18479076e-04 -4.69972771e-02)	2	1.43233228e+02	(-2.07535959e-03 -4.26604371e-02 2.85238985e-02)	0
500             	p               	-1.85005841e+02	(1.04096376e-03 1.18479076e-04 -4.69972771e-02)	2	1.55224717e+02	(-2.07535959e-03 -4.26604371e-02 2.85238985e-02)	0
510             	p               	-1.80490602e+02	(1.04096376e-03 1.18479076e-04 -4.69972771e-02)	2	1.58379470e+02	(4.17263921e-04 -4.42020517e-02 2.60151644e-02)	0
520             	p               	-1.73902669e+02	(1.04096376e-03 1.18479076e-04 -4.69972771e-02)	2	1.52175841e+02	(4.17263921e-04 -4.42020517e-02 2.60151644e-02)	0
530             	p               	-1.73110732e+02	(1.38266424e-02 -4.42010280e-02 2.65223907e-02)	0	1.45133841e+02	(9.15103888e-04 -4.42010670e-02 2.60140748e-02)	0
540             	p               	-1.85461776e+02	(1.38266424e-02 -4.42010280e-02 2.65223907e-02)	0	1.39478362e+02	(4.15167086e-04 -4.01169756e-02 3.20374820e-02)	0
550             	p               	-1.72734010e+02	(1.38203440e-02 -4.21912862e-02 2.95589492e-02)	0	1.42039954e+02	(4.15167086e-04 -4.01169756e-02 3.20374820e-02)	0
560             	p               	-1.60823938e+02	(1.04096376e-03 1.18479076e-04 -4.69972771e-02)	2	1.48503145e+02	(4.15167086e-04 -4.01169756e-02 3.20374820e-02)	0
570             	p               	-1.61706861e+02	(1.04096376e-03 1.18479076e-04 -4.69972771e-02)	2	1.53980492e+02	(4.15167086e-04 -4.01169756e-02 3.20374820e-02)	0
580             	p               	-1.60530864e+02	(1.04096376e-03 1.18479076e-04 -4.69972771e-02)	2	1.50014277e+02	(1.90899861e-03 -4.01170268e-02 3.20371045e-02)	0
590             	p               	-1.59273531e+02	(1.04096376e-03 1.18479076e-04 -4.69972771e-02)	2	1.40595913e+02	(-8.28458384e-05 -4.01185178e-02 3.20390602e-02)	0
600             	p               	-1.60071260e+02	(1.04096376e-03 1.18479076e-04 -4.69972771e-02)	2	1.47475466e+02	(-1.07861209e-03 -4.16300584e-02 3.00200190e-02)	0
610             	p               	-1.63435378e+02	(1.04096376e-03 1.18479076e-04 -4.69972771e-02)	2	1.57229872e+02	(-2.07535959e-03 -4.26604371e-02 2.85238985e-02)	0
620             	p               	-1.68037782e+02	(1.04096376e-03 1.18479076e-04 -4.69972771e-02)	2	1.67771091e+02	(-2.07535959e-03 -4.26604371e-02 2.85238985e-02)	0
630             	p               	-1.71911620e+02	(1.04096376e-03 1.18479076e-04 -4.69972771e-02)	2	1.62869931e+02	(-2.07535959e-03 -4.26604371e-02 2.85238985e-02)	0
640             	p               	-1.74711031e+02	(1.04096376e-03 1.18479076e-04 -4.69972771e-02)	2	1.66735889e+02	(-1.07861209e-03 -4.16300584e-02 3.00200190e-02)	0
650             	p               	-1.78771016e+02	(1.04096376e-03 1.18479076e-04 -4.69972771e-02)	2	1.60633802e+02	(-4.07240891e-03 2.60204199e-02 4.42113209e-02)	4
660             	p               	-1.85148779e+02	(1.04096376e-03 1.18479076e-04 -4.69972771e-02)	2	1.58398853e+02	(-4.57105587e-03 2.85369924e-02 4.26800182e-02)	4
670             	p               	-1.90744961e+02	(1.04096376e-03 1.18479076e-04 -4.69972771e-02)	2	1.67729839e+02	(4.15167086e-04 -4.01169756e-02 3.20374820e-02)	0
680             	p               	-1.92850413e+02	(1.04096376e-03 1.18479076e-04 -4.69972771e-02)	2	1.58826733e+02	(4.15167086e-04 -4.01169756e-02 3.20374820e-02)	0
690             	p               	-1.90811341e+02	(1.04096376e-03 1.18479076e-04 -4.69972771e-02)	2	1.51146148e+02	(2.90453710e-03 -4.16374894e-02 3.00254940e-02)	0
700             	p               	-1.84202394e+02	(1.04096376e-03 1.18479076e-04 -4.69972771e-02)	2	1.56668760e+02	(3.40489762e-03 -4.01210919e-02 3.20409940e-02)	0
710             	p               	-1.76105257e+02	(1.04096376e-03 1.18479076e-04 -4.69972771e-02)	2	1.70101507e+02	(-1.07861209e-03 -4.16300584e-02 3.00200190e-02)	0
720             	p               	-1.76770172e+02	(1.38266424e-02 -4.42010280e-02 2.65223907e-02)	0	1.76737316e+02	(-1.07861209e-03 -4.16300584e-02 3.00200190e-02)	0
730             	p               	-1.84849599e+02	(1.38266424e-02 -4.42010280e-02 2.65223907e-02)	0	1.69562034e+02	(-1.07861209e-03 -4.16300584e-02 3.00200190e-02)	0
740             	p               	-1.77644411e+02	(1.38203440e-02 -4.21912862e-02 2.95589492e-02)	0	1.53144797e+02	(-1.07861209e-03 -4.16300584e-02 3.00200190e-02)	0
750             	p               	-1.75574501e+02	(1.04096376e-03 1.18479076e-04 -4.69972771e-02)	2	1.59036461e+02	(-5.81106645e-04 -4.01204335e-02 3.20408946e-02)	0
760             	p               	-1.79150658e+02	(1.04096376e-03 1.18479076e-04 -4.69972771e-02)	2	1.54833856e+02	(-5.81106645e-04 -4.01204335e-02 3.20408946e-02)	0
770             	p               	-1.80753345e+02	(1.04096376e-03 1.18479076e-04 -4.69972771e-02)	2	1.56381646e+02	(-8.28458384e-05 -4.01185178e-02 3.20390602e-02)	0
780             	p               	-1.82160456e+02	(1.04096376e-03 1.18479076e-04 -4.69972771e-02)	2	1.47810418e+02	(4.15167086e-04 -4.01169756e-02 3.20374820e-02)	0
790             	p               	-1.84074941e+02	(1.04096376e-03 1.18479076e-04 -4.69972771e-02)	2	1.46633710e+02	(-1.57645591e-03 -4.26546170e-02 2.85202110e-02)	0
800             	p               	-1.85064809e+02	(1.04096376e-03 1.18479076e-04 -4.69972771e-02)	2	1.48679759e+02	(1.38197540e-02 2.95607283e-02 -4.21920123e-02)	2
810             	p               	-1.82287600e+02	(1.04096376e-03 1.18479076e-04 -4.69972771e-02)	2	1.47090222e+02	(1.38197540e-02 2.95607283e-02 -4.21920123e-02)	2
820             	p               	-1.76874703e+02	(1.04096376e-03 1.18479076e-04 -4.69972771e-02)	2	1.57246902e+02	(-1.07861209e-03 -4.16300584e-02 3.00200190e-02)	0
830             	p               	-1.75294890e+02	(1.38220268e-02 3.30945039e-02 -3.96616699e-02)	2	1.74222128e+02	(-1.07861209e-03 -4.16300584e-02 3.00200190e-02)	0
840             	p               	-1.74783009e+02	(1.38220268e-02 3.30945039e-02 -3.96616699e-02)	2	1.66157407e+02	(-1.07861209e-03 -4.16300584e-02 3.00200190e-02)	0
850             	p               	-1.75992521e+02	(1.04096376e-03 1.18479076e-04 -4.69972771e-02)	2	1.49537808e+02	(-1.07861209e-03 -4.16300584e-02 3.00200190e-02)	0
860             	p               	-1.79179121e+02	(1.04096376e-03 1.18479076e-04 -4.69972771e-02)	2	1.52853156e+02	(2.40846778e-03 -4.42024394e-02 2.60131227e-02)	0
870             	p               	-1.81521680e+02	(1.04096376e-03 1.18479076e-04 -4.69972771e-02)	2	1.51448622e+02	(2.40846778e-03 -4.42024394e-02 2.60131227e-02)	0
880             	p               	-1.83280041e+02	(1.04096376e-03 1.18479076e-04 -4.69972771e-02)	2	1.51766676e+02	(-2.07535959e-03 -4.26604371e-02 2.85238985e-02)	0
890             	p               	-1.83806160e+02	(1.04096376e-03 1.18479076e-04 -4.69972771e-02)	2	1.52091963e+02	(-1.57645591e-03 -4.26546170e-02 2.85202110e-02)	0
900             	p               	-1.82291773e+02	(1.04096376e-03 1.18479076e-04 -4.69972771e-02)	2	1.67393805e+02	(-1.07861209e-03 -4.16300584e-02 3.00200190e-02)	0
910             	p               	-1.79280013e+02	(1.04096376e-03 1.18479076e-04 -4.69972771e-02)	2	1.69734194e+02	(-1.07861209e-03 -4.16300584e-02 3.00200190e-02)	0
920             	p               	-1.73863796e+02	(1.04096376e-03 1.18479076e-04 -4.69972771e-02)	2	1.70827216e+02	(-5.81106645e-04 -4.01204335e-02 3.20408946e-02)	0
930             	p               	-1.68925423e+02	(1.03375921e-03 6.23333508e-04 -4.67596454e-02)	2	1.74679630e+02	(-5.81106645e-04 -4.01204335e-02 3.20408946e-02)	0
940             	p               	-1.67048183e+02	(1.03375921e-03 6.23333508e-04 -4.67596454e-02)	2	1.76170172e+02	(-5.81106645e-04 -4.01204335e-02 3.20408946e-02)	0
950             	p               	-1.67564425e+02	(1.38266424e-02 -4.42010280e-02 2.65223907e-02)	0	1.77595228e+02	(-1.07861209e-03 -4.16300584e-02 3.00200190e-02)	0
960             	p               	-1.75367580e+02	(1.38266424e-02 -4.42010280e-02 2.65223907e-02)	0	1.78832885e+02	(-5.80628836e-04 -4.16240274e-02 3.00151825e-02)	0
970             	p               	-1.75057664e+02	(1.38266424e-02 -4.42010280e-02 2.65223907e-02)	0	1.72330084e+02	(-1.07959969e-03 -4.01222950e-02 3.20425970e-02)	0
980             	p               	-1.66878393e+02	(1.38266424e-02 -4.42010280e-02 2.65223907e-02)	0	1.58499727e+02	(-1.07959969e-03 -4.01222950e-02 3.20425970e-02)	0
990             	p               	-1.59841142e+02	(1.38220268e-02 3.30945039e-02 -3.96616699e-02)	2	1.51004398e+02	(1.38259699e-02 -4.16786998e-02 3.00584186e-02)	0
1000            	p               	-1.62110885e+02	(1.38220268e-02 3.30945039e-02 -3.96616699e-02)	2	1.45655502e+02	(-1.57645591e-03 -4.26546170e-02 2.85202110e-02)	0
1010            	p               	-1.61983824e+02	(1.28508309e-02 -3.45987511e-02 -3.81349936e-02)	1	1.42400223e+02	(-1.57645591e-03 -4.26546170e-02 2.85202110e-02)	0
1020            	p               	-1.66933337e+02	(1.04096376e-03 1.18479076e-04 -4.69972771e-02)	2	1.40454107e+02	(-4.07240891e-03 2.60204199e-02 4.42113209e-02)	4
1030            	p               	-1.70359456e+02	(1.04096376e-03 1.18479076e-04 -4.69972771e-02)	2	1.42755525e+02	(-4.07240891e-03 2.60204199e-02 4.42113209e-02)	4
1040            	p               	-1.66051681e+02	(1.04096376e-03 1.18479076e-04 -4.69972771e-02)	2	1.55597602e+02	(-2.57580471e-03 -4.01261485e-02 3.20460252e-02)	0
1050            	p               	-1.72170051e+02	(1.38165478e-02 3.36055806e-02 3.91633265e-02)	4	1.63058013e+02	(-2.57580471e-03 -4.01261485e-02 3.20460252e-02)	0
1060            	p               	-1.59784038e+02	(1.38165478e-02 3.36055806e-02 3.91633265e-02)	4	1.66794774e+02	(-2.57580471e-03 -4.01261485e-02 3.20460252e-02)	0
1070            	p               	-1.67997131e+02	(1.38220268e-02 3.30945039e-02 -3.96616699e-02)	2	1.55543043e+02	(-2.57580471e-03 -4.01261485e-02 3.20460252e-02)	0
1080            	p               	-1.72507870e+02	(1.38220268e-02 3.30945039e-02 -3.96616699e-02)	2	1.43871426e+02	(-2.07535959e-03 -4.26604371e-02 2.85238985e-02)	0
1090            	p               	-1.75477772e+02	(1.04096376e-03 1.18479076e-04 -4.69972771e-02)	2	1.54374793e+02	(-2.57645414e-03 -3.20998812e-02 4.06972709e-02)	0
1100            	p               	-1.76536994e+02	(1.04096376e-03 1.18479076e-04 -4.69972771e-02)	2	1.64068381e+02	(-2.57645414e-03 -3.20998812e-02 4.06972709e-02)	0
1110            	p               	-1.86955474e+02	(1.38197248e-02 -2.95606776e-02 -4.21919751e-02)	1	1.37986328e+02	(-5.81106645e-04 -4.01204335e-02 3.20408946e-02)	0
1120            	p               	-2.03617275e+02	(1.38266424e-02 -4.42010280e-02 2.65223907e-02)	0	1.37867063e+02	(-5.81106645e-04 -4.01204335e-02 3.20408946e-02)	0
1130            	p               	-2.33283161e+02	(1.38266424e-02 -4.42010280e-02 2.65223907e-02)	0	1.40357517e+02	(-1.07861209e-03 -4.16300584e-02 3.00200190e-02)	0
1140            	p               	-2.17931327e+02	(1.38203440e-02 -4.21912862e-02 2.95589492e-02)	0	1.46813265e+02	(-1.07861209e-03 -4.16300584e-02 3.00200190e-02)	0
1150            	p               	-1.99217711e+02	(1.38203440e-02 -4.21912862e-02 2.95589492e-02)	0	1.36115710e+02	(-1.57724053e-03 -4.16369136e-02 3.00254681e-02)	0
1160            	p               	-1.88438835e+02	(1.38168585e-02 -3.91630606e-02 3.36044004e-02)	0	1.39820955e+02	(-8.28458384e-05 -4.01185178e-02 3.20390602e-02)	0
1170            	p               	-1.85625060e+02	(1.04096376e-03 1.18479076e-04 -4.69972771e-02)	2	1.39068117e+02	(4.15167086e-04 -4.01169756e-02 3.20374820e-02)	0
1180            	p               	-1.90358566e+02	(1.04096376e-03 1.18479076e-04 -4.69972771e-02)	2	1.38830120e+02	(9.13029129e-04 -4.01161347e-02 3.20365111e-02)	0
1190            	p               	-1.93720652e+02	(1.04096376e-03 1.18479076e-04 -4.69972771e-02)	2	1.39890601e+02	(9.13029129e-04 -4.01161347e-02 3.20365111e-02)	0
1200            	p               	-1.94509258e+02	(1.04096376e-03 1.18479076e-04 -4.69972771e-02)	2	1.47271040e+02	(9.13029129e-04 -4.01161347e-02 3.20365111e-02)	0
1210            	p               	-1.92632895e+02	(1.04096376e-03 1.18479076e-04 -4.69972771e-02)	2	1.51600306e+02	(9.13029129e-04 -4.01161347e-02 3.20365111e-02)	0
1220            	p               	-1.88798791e+02	(1.04096376e-03 1.18479076e-04 -4.69972771e-02)	2	1.45223239e+02	(-2.07535959e-03 -4.26604371e-02 2.85238985e-02)	0
1230            	p               	-1.86301492e+02	(1.04096376e-03 1.18479076e-04 -4.69972771e-02)	2	1.52130920e+02	(-8.28458384e-05 -4.01185178e-02 3.20390602e-02)	0
1240            	p               	-1.87364437e+02	(1.04096376e-03 1.18479076e-04 -4.69972771e-02)	2	1.59924359e+02	(-8.28458384e-05 -4.01185178e-02 3.20390602e-02)	0
1250            	p               	-1.90034642e+02	(1.04096376e-03 1.18479076e-04 -4.69972771e-02)	2	1.65461268e+02	(-8.28458384e-05 -4.01185178e-02 3.20390602e-02)	0
1260            	p               	-1.93521427e+02	(1.04096376e-03 1.18479076e-04 -4.69972771e-02)	2	1.65842991e+02	(-8.28458384e-05 -4.01185178e-02 3.20390602e-02)	0
1270            	p               	-1.95423840e+02	(1.04096376e-03 1.18479076e-04 -4.69972771e-02)	2	1.62639918e+02	(-8.28458384e-05 -4.01185178e-02 3.20390602e-02)	0
1280            	p               	-1.91401223e+02	(1.04096376e-03 1.18479076e-04 -4.69972771e-02)	2	1.69609572e+02	(-8.28458384e-05 -4.01185178e-02 3.20390602e-02)	0
1290            	p               	-1.81282503e+02	(1.04096376e-03 1.18479076e-04 -4.69972771e-02)	2	1.74463070e+02	(-8.28458384e-05 -4.01185178e-02 3.20390602e-02)	0
1300            	p               	-1.78617416e+02	(1.38220268e-02 3.30945039e-02 -3.96616699e-02)	2	1.59378751e+02	(4.15167086e-04 -4.01169756e-02 3.20374820e-02)	0
1310            	p               	-1.69238142e+02	(1.38220268e-02 3.30945039e-02 -3.96616699e-02)	2	1.54850790e+02	(2.40545055e-03 -4.16339694e-02 3.00227477e-02)	0
1320            	p               	-1.69954234e+02	(1.04096376e-03 1.18479076e-04 -4.69972771e-02)	2	1.51517871e+02	(2.40742029e-03 -4.01182986e-02 3.20382874e-02)	0
1330            	p               	-1.74148979e+02	(1.04096376e-03 1.18479076e-04 -4.69972771e-02)	2	1.46820732e+02	(9.13029129e-04 -4.01161347e-02 3.20365111e-02)	0
1340            	p               	-1.77705884e+02	(1.04096376e-03 1.18479076e-04 -4.69972771e-02)	2	1.41846300e+02	(9.13029129e-04 -4.01161347e-02 3.20365111e-02)	0
1350            	p               	-1.78163055e+02	(1.04096376e-03 1.18479076e-04 -4.69972771e-02)	2	1.35788427e+02	(2.90453710e-03 -4.16374894e-02 3.00254940e-02)	0
1360            	p               	-1.82426483e+02	(1.38197843e-02 2.95606958e-02 4.21919120e-02)	4	1.31375312e+02	(2.90453710e-03 -4.16374894e-02 3.00254940e-02)	0
1370            	p               	-1.95102487e+02	(1.38197843e-02 2.95606958e-02 4.21919120e-02)	4	1.32393999e+02	(9.14225657e-04 4.26794862e-02 -2.85359107e-02)	5
1380            	p               	-1.83988827e+02	(1.38197843e-02 2.95606958e-02 4.21919120e-02)	4	1.35078028e+02	(9.14225657e-04 4.26794862e-02 -2.85359107e-02)	5
1390            	p               	-1.55644455e+02	(1.04096376e-03 1.18479076e-04 -4.69972771e-02)	2	1.36146502e+02	(-8.31056147e-05 4.01289388e-02 -3.20485464e-02)	5
1400            	p               	-1.59415730e+02	(1.04096376e-03 1.18479076e-04 -4.69972771e-02)	2	1.39884619e+02	(4.17263921e-04 -4.42020517e-02 2.60151644e-02)	0
1410            	p               	-1.64416985e+02	(1.04096376e-03 1.18479076e-04 -4.69972771e-02)	2	1.42588448e+02	(4.17263921e-04 -4.42020517e-02 2.60151644e-02)	0
1420            	p               	-1.67487353e+02	(1.04096376e-03 1.18479076e-04 -4.69972771e-02)	2	1.43363027e+02	(4.17263921e-04 -4.42020517e-02 2.60151644e-02)	0
1430            	p               	-1.66904067e+02	(1.43145538e-02 3.30924728e-02 -3.96589686e-02)	2	1.45646033e+02	(-8.07710931e-05 -4.42037847e-02 2.60165759e-02)	0
1440            	p               	-1.70834785e+02	(1.38220268e-02 3.30945039e-02 -3.96616699e-02)	2	1.48617808e+02	(-8.07710931e-05 -4.42037847e-02 2.60165759e-02)	0
1450            	p               	-1.66471484e+02	(1.38220268e-02 3.30945039e-02 -3.96616699e-02)	2	1.55451128e+02	(-5.81106645e-04 -4.01204335e-02 3.20408946e-02)	0
1460            	p               	-1.71146182e+02	(1.04096376e-03 1.18479076e-04 -4.69972771e-02)	2	1.60050656e+02	(-5.81106645e-04 -4.01204335e-02 3.20408946e-02)	0
1470            	p               	-1.78655523e+02	(1.04096376e-03 1.18479076e-04 -4.69972771e-02)	2	1.66494195e+02	(-5.81106645e-04 -4.01204335e-02 3.20408946e-02)	0
1480            	p               	-1.83023579e+02	(1.04096376e-03 1.18479076e-04 -4.69972771e-02)	2	1.72759664e+02	(-5.81106645e-04 -4.01204335e-02 3.20408946e-02)	0
1490            	p               	-1.84849599e+02	(1.04096376e-03 1.18479076e-04 -4.69972771e-02)	2	1.67973886e+02	(-5.81106645e-04 -4.01204335e-02 3.20408946e-02)	0
1500            	p               	-1.84094124e+02	(1.04096376e-03 1.18479076e-04 -4.69972771e-02)	2	1.64286765e+02	(1.38270356e-02 -3.96583328e-02 3.25858335e-02)	0
1510            	p               	-1.91816912e+02	(1.38266424e-02 -4.42010280e-02 2.65223907e-02)	0	1.72225017e+02	(1.38270356e-02 -3.96583328e-02 3.25858335e-02)	0
1520            	p               	-2.02585256e+02	(1.38203440e-02 -4.21912862e-02 2.95589492e-02)	0	1.65635150e+02	(1.38270356e-02 -3.96583328e-02 3.25858335e-02)	0
1530            	p               	-2.09821647e+02	(1.43111025e-02 4.21911261e-02 -2.95592043e-02)	5	1.64010656e+02	(1.38161057e-02 -3.86584601e-02 3.41094594e-02)	0
1540            	p               	-1.99590791e+02	(1.43076469e-02 3.91623859e-02 -3.36047392e-02)	5	1.57912587e+02	(1.38161057e-02 -3.86584601e-02 3.41094594e-02)	0
1550            	p               	-1.83357399e+02	(1.38167319e-02 3.91634565e-02 -3.36050550e-02)	5	1.54520817e+02	(1.38201041e-02 -3.76425887e-02 3.51156184e-02)	0
1560            	p               	-1.82278690e+02	(1.04096376e-03 1.18479076e-04 -4.69972771e-02)	2	1.43779944e+02	(1.38201041e-02 -3.76425887e-02 3.51156184e-02)	0
1570            	p               	-2.05870088e+02	(7.87389243e-04 -3.74133208e-02 3.06386442e-02)	0	1.39933959e+02	(1.33360734e-02 3.46011430e-02 -3.81370657e-02)	2
1580            	p               	-2.21248956e+02	(1.03964640e-03 -3.68983888e-02 3.08878668e-02)	0	1.36398466e+02	(4.17263921e-04 -4.42020517e-02 2.60151644e-02)	0
1590            	p               	-1.80105076e+02	(1.29394376e-03 -3.61736923e-02 3.11263233e-02)	0	1.45281230e+02	(4.17263921e-04 -4.42020517e-02 2.60151644e-02)	0
1600            	p               	-1.74120639e+02	(1.38197843e-02 2.95606958e-02 4.21919120e-02)	4	1.52191801e+02	(4.17263921e-04 -4.42020517e-02 2.60151644e-02)	0
1610            	p               	-1.55688949e+02	(1.38165478e-02 3.36055806e-02 3.91633265e-02)	4	1.51433582e+02	(4.17263921e-04 -4.42020517e-02 2.60151644e-02)	0
1620            	p               	-1.57555826e+02	(1.38220268e-02 3.30945039e-02 -3.96616699e-02)	2	1.61540899e+02	(4.15167086e-04 -4.01169756e-02 3.20374820e-02)	0
1630            	p               	-1.59354009e+02	(1.04096376e-03 1.18479076e-04 -4.69972771e-02)	2	1.63594430e+02	(4.15167086e-04 -4.01169756e-02 3.20374820e-02)	0
1640            	p               	-1.65586743e+02	(1.04096376e-03 1.18479076e-04 -4.69972771e-02)	2	1.71558261e+02	(4.15167086e-04 -4.01169756e-02 3.20374820e-02)	0
1650            	p               	-1.67664975e+02	(1.04096376e-03 1.18479076e-04 -4.69972771e-02)	2	1.82079547e+02	(4.15167086e-04 -4.01169756e-02 3.20374820e-02)	0
1660            	p               	-1.66330843e+02	(1.04096376e-03 1.18479076e-04 -4.69972771e-02)	2	1.71520962e+02	(4.15167086e-04 -4.01169756e-02 3.20374820e-02)	0
1670            	p               	-1.63926659e+02	(1.04096376e-03 1.18479076e-04 -4.69972771e-02)	2	1.60694026e+02	(4.15167086e-04 -4.01169756e-02 3.20374820e-02)	0
1680            	p               	-1.63647263e+02	(1.38220268e-02 3.30945039e-02 -3.96616699e-02)	2	1.46122508e+02	(4.15167086e-04 -4.01169756e-02 3.20374820e-02)	0
1690            	p               	-1.68375859e+02	(1.38220268e-02 3.30945039e-02 -3.96616699e-02)	2	1.55934813e+02	(-1.07861209e-03 -4.16300584e-02 3.00200190e-02)	0
1700            	p               	-1.65998108e+02	(1.04096376e-03 1.18479076e-04 -4.69972771e-02)	2	1.61126757e+02	(-2.07615910e-03 -4.16414838e-02 3.00289707e-02)	0
1710            	p               	-1.65541253e+02	(1.04096376e-03 1.18479076e-04 -4.69972771e-02)	2	1.58714015e+02	(-1.07861209e-03 -4.16300584e-02 3.00200190e-02)	0
1720            	p               	-1.63355703e+02	(1.04096376e-03 1.18479076e-04 -4.69972771e-02)	2	1.54731944e+02	(-1.07861209e-03 -4.16300584e-02 3.00200190e-02)	0
1730            	p               	-1.59538505e+02	(1.04096376e-03 1.18479076e-04 -4.69972771e-02)	2	1.50417321e+02	(-1.07861209e-03 -4.16300584e-02 3.00200190e-02)	0
1740            	p               	-1.54290985e+02	(1.04096376e-03 1.18479076e-04 -4.69972771e-02)	2	1.46639787e+02	(-1.07861209e-03 -4.16300584e-02 3.00200190e-02)	0
1750            	p               	-1.51178751e+02	(1.04096376e-03 1.18479076e-04 -4.69972771e-02)	2	1.45156819e+02	(2.40545055e-03 -4.16339694e-02 3.00227477e-02)	0
1760            	p               	-1.51309547e+02	(1.04096376e-03 1.18479076e-04 -4.69972771e-02)	2	1.39064791e+02	(2.40545055e-03 -4.16339694e-02 3.00227477e-02)	0
1770            	p               	-1.51997115e+02	(1.04096376e-03 1.18479076e-04 -4.69972771e-02)	2	1.40172846e+02	(-1.07861209e-03 -4.16300584e-02 3.00200190e-02)	0
1780            	p               	-1.54711343e+02	(1.04096376e-03 1.18479076e-04 -4.69972771e-02)	2	1.42740507e+02	(-8.28458384e-05 -4.01185178e-02 3.20390602e-02)	0
1790            	p               	-1.59459347e+02	(1.04096376e-03 1.18479076e-04 -4.69972771e-02)	2	1.49158023e+02	(-8.28458384e-05 -4.01185178e-02 3.20390602e-02)	0
1800            	p               	-1.67160674e+02	(1.04096376e-03 1.18479076e-04 -4.69972771e-02)	2	1.57060591e+02	(2.40742029e-03 -4.01182986e-02 3.20382874e-02)	0
1810            	p               	-1.74908678e+02	(1.04096376e-03 1.18479076e-04 -4.69972771e-02)	2	1.53118950e+02	(2.40742029e-03 -4.01182986e-02 3.20382874e-02)	0
1820            	p               	-1.80312063e+02	(1.04096376e-03 1.18479076e-04 -4.69972771e-02)	2	1.39130180e+02	(-3.07508075e-03 2.60204138e-02 4.42113151e-02)	4
1830            	p               	-1.83190838e+02	(1.04096376e-03 1.18479076e-04 -4.69972771e-02)	2	1.40270888e+02	(-2.57641325e-03 2.60204113e-02 4.42113130e-02)	4
1840            	p               	-1.82670236e+02	(1.04096376e-03 1.18479076e-04 -4.69972771e-02)	2	1.39041791e+02	(-2.07775015e-03 2.60204095e-02 4.42113119e-02)	4
1850            	p               	-1.78674473e+02	(1.04096376e-03 1.18479076e-04 -4.69972771e-02)	2	1.36854360e+02	(4.15167086e-04 -4.01169756e-02 3.20374820e-02)	0
1860            	p               	-1.75009882e+02	(1.04096376e-03 1.18479076e-04 -4.69972771e-02)	2	1.34059264e+02	(4.15167086e-04 -4.01169756e-02 3.20374820e-02)	0
1870            	p               	-1.74568003e+02	(1.04096376e-03 1.18479076e-04 -4.69972771e-02)	2	1.32065013e+02	(1.38198148e-02 -4.21920974e-02 -2.95599353e-02)	1
1880            	p               	-1.75738880e+02	(1.04096376e-03 1.18479076e-04 -4.69972771e-02)	2	1.41552302e+02	(4.17263921e-04 -4.42020517e-02 2.60151644e-02)	0
1890            	p               	-1.77572332e+02	(1.04096376e-03 1.18479076e-04 -4.69972771e-02)	2	1.45768392e+02	(4.17263921e-04 -4.42020517e-02 2.60151644e-02)	0
1900            	p               	-1.79966424e+02	(1.04096376e-03 1.18479076e-04 -4.69972771e-02)	2	1.43608843e+02	(4.17263921e-04 -4.42020517e-02 2.60151644e-02)	0
1910            	p               	-1.82490617e+02	(1.04096376e-03 1.18479076e-04 -4.69972771e-02)	2	1.46634600e+02	(4.17263921e-04 -4.42020517e-02 2.60151644e-02)	0
1920            	p               	-1.83853853e+02	(1.04096376e-03 1.18479076e-04 -4.69972771e-02)	2	1.49016049e+02	(4.17263921e-04 -4.42020517e-02 2.60151644e-02)	0
1930            	p               	-1.84878222e+02	(1.04096376e-03 1.18479076e-04 -4.69972771e-02)	2	1.48508013e+02	(4.17263921e-04 -4.42020517e-02 2.60151644e-02)	0
1940            	p               	-1.84945541e+02	(1.04096376e-03 1.18479076e-04 -4.69972771e-02)	2	1.51684985e+02	(4.17263921e-04 -4.42020517e-02 2.60151644e-02)	0
1950            	p               	-1.84185992e+02	(1.04096376e-03 1.18479076e-04 -4.69972771e-02)	2	1.52464612e+02	(4.17263921e-04 -4.42020517e-02 2.60151644e-02)	0
1960            	p               	-1.83731863e+02	(1.04096376e-03 1.18479076e-04 -4.69972771e-02)	2	1.55742083e+02	(1.41087918e-03 -4.01161772e-02 3.20363917e-02)	0
1970            	p               	-1.84825403e+02	(1.04096376e-03 1.18479076e-04 -4.69972771e-02)	2	1.65226770e+02	(1.41087918e-03 -4.01161772e-02 3.20363917e-02)	0
1980            	p               	-1.86069551e+02	(1.04096376e-03 1.18479076e-04 -4.69972771e-02)	2	1.70779227e+02	(1.41087918e-03 -4.01161772e-02 3.20363917e-02)	0
1990            	p               	-1.85175058e+02	(1.04096376e-03 1.18479076e-04 -4.69972771e-02)	2	1.60891473e+02	(-1.07861209e-03 -4.16300584e-02 3.00200190e-02)	0
2000            	p               	-1.80760739e+02	(1.04096376e-03 1.18479076e-04 -4.69972771e-02)	2	1.55416816e+02	(-1.07861209e-03 -4.16300584e-02 3.00200190e-02)	0
2010            	p               	-1.74327448e+02	(1.04096376e-03 1.18479076e-04 -4.69972771e-02)	2	1.49033892e+02	(-8.28458384e-05 -4.01185178e-02 3.20390602e-02)	0
2020            	p               	-1.68650546e+02	(1.04096376e-03 1.18479076e-04 -4.69972771e-02)	2	1.50929120e+02	(-8.28458384e-05 -4.01185178e-02 3.20390602e-02)	0
2030            	p               	-1.66532073e+02	(1.04096376e-03 1.18479076e-04 -4.69972771e-02)	2	1.38833485e+02	(-1.07861209e-03 -4.16300584e-02 3.00200190e-02)	0
2040            	p               	-1.65479250e+02	(1.04096376e-03 1.18479076e-04 -4.69972771e-02)	2	1.36660842e+02	(-1.57645591e-03 -4.26546170e-02 2.85202110e-02)	0
2050            	p               	-1.64046764e+02	(1.04096376e-03 1.18479076e-04 -4.69972771e-02)	2	1.43962489e+02	(-1.57645591e-03 -4.26546170e-02 2.85202110e-02)	0
2060            	p               	-1.62275026e+02	(1.04096376e-03 1.18479076e-04 -4.69972771e-02)	2	1.51181796e+02	(-1.07861209e-03 -4.16300584e-02 3.00200190e-02)	0
2070            	p               	-1.63222589e+02	(1.04096376e-03 1.18479076e-04 -4.69972771e-02)	2	1.55216541e+02	(-1.07861209e-03 -4.16300584e-02 3.00200190e-02)	0
2080            	p               	-1.67862859e+02	(1.04096376e-03 1.18479076e-04 -4.69972771e-02)	2	1.56626770e+02	(-1.07861209e-03 -4.16300584e-02 3.00200190e-02)	0
2090            	p               	-1.74994930e+02	(1.04096376e-03 1.18479076e-04 -4.69972771e-02)	2	1.59416859e+02	(-1.07861209e-03 -4.16300584e-02 3.00200190e-02)	0
2100            	p               	-1.80203466e+02	(1.04096376e-03 1.18479076e-04 -4.69972771e-02)	2	1.62339524e+02	(-1.07861209e-03 -4.16300584e-02 3.00200190e-02)	0
2110            	p               	-1.79000747e+02	(1.04096376e-03 1.18479076e-04 -4.69972771e-02)	2	1.60245044e+02	(-1.07861209e-03 -4.16300584e-02 3.00200190e-02)	0
2120            	p               	-1.82722685e+02	(1.38168030e-02 -4.26997558e-02 -2.90567383e-02)	1	1.52090037e+02	(-1.07861209e-03 -4.16300584e-02 3.00200190e-02)	0
2130            	p               	-1.69978662e+02	(1.38168030e-02 -4.26997558e-02 -2.90567383e-02)	1	1.48806915e+02	(-1.07861209e-03 -4.16300584e-02 3.00200190e-02)	0
2140            	p               	-1.63900876e+02	(1.04096376e-03 1.18479076e-04 -4.69972771e-02)	2	1.42859041e+02	(3.40489762e-03 -4.01210919e-02 3.20409940e-02)	0
2150            	p               	-1.66258905e+02	(1.04096376e-03 1.18479076e-04 -4.69972771e-02)	2	1.47529984e+02	(3.40489762e-03 -4.01210919e-02 3.20409940e-02)	0
2160            	p               	-1.72009166e+02	(1.04096376e-03 1.18479076e-04 -4.69972771e-02)	2	1.49015979e+02	(3.90381199e-03 -4.01223556e-02 3.20422300e-02)	0
2170            	p               	-1.77115843e+02	(1.04096376e-03 1.18479076e-04 -4.69972771e-02)	2	1.36004949e+02	(3.90381199e-03 -4.01223556e-02 3.20422300e-02)	0
2180            	p               	-1.80584677e+02	(1.04096376e-03 1.18479076e-04 -4.69972771e-02)	2	1.34644160e+02	(-1.07861209e-03 -4.16300584e-02 3.00200190e-02)	0
2190            	p               	-1.83277456e+02	(1.38203440e-02 -4.21912862e-02 2.95589492e-02)	0	1.38953230e+02	(4.17263921e-04 -4.42020517e-02 2.60151644e-02)	0
2200            	p               	-1.80184462e+02	(1.04096376e-03 1.18479076e-04 -4.69972771e-02)	2	1.44774909e+02	(4.17263921e-04 -4.42020517e-02 2.60151644e-02)	0
2210            	p               	-1.79591068e+02	(1.04096376e-03 1.18479076e-04 -4.69972771e-02)	2	1.44408981e+02	(-1.07861209e-03 -4.16300584e-02 3.00200190e-02)	0
2220            	p               	-1.80086472e+02	(1.04096376e-03 1.18479076e-04 -4.69972771e-02)	2	1.44424944e+02	(-1.07861209e-03 -4.16300584e-02 3.00200190e-02)	0
2230            	p               	-1.82051811e+02	(1.04096376e-03 1.18479076e-04 -4.69972771e-02)	2	1.46679274e+02	(1.38197540e-02 2.95607283e-02 -4.21920123e-02)	2
2240            	p               	-1.83984751e+02	(1.04096376e-03 1.18479076e-04 -4.69972771e-02)	2	1.51516187e+02	(9.15103888e-04 -4.42010670e-02 2.60140748e-02)	0
2250            	p               	-1.84326696e+02	(1.04096376e-03 1.18479076e-04 -4.69972771e-02)	2	1.51648380e+02	(9.15103888e-04 -4.42010670e-02 2.60140748e-02)	0
2260            	p               	-1.84284035e+02	(1.04096376e-03 1.18479076e-04 -4.69972771e-02)	2	1.63996959e+02	(4.15167086e-04 -4.01169756e-02 3.20374820e-02)	0
2270            	p               	-1.94590603e+02	(1.38197248e-02 -2.95606776e-02 -4.21919751e-02)	1	1.65800383e+02	(4.15167086e-04 -4.01169756e-02 3.20374820e-02)	0
2280            	p               	-2.01870620e+02	(1.38164649e-02 -3.36056384e-02 -3.91634953e-02)	1	1.63065550e+02	(4.15167086e-04 -4.01169756e-02 3.20374820e-02)	0
2290            	p               	-1.84828227e+02	(1.04096376e-03 1.18479076e-04 -4.69972771e-02)	2	1.57135322e+02	(4.15167086e-04 -4.01169756e-02 3.20374820e-02)	0
2300            	p               	-1.84959721e+02	(1.04096376e-03 1.18479076e-04 -4.69972771e-02)	2	1.48739556e+02	(1.41087918e-03 -4.01161772e-02 3.20363917e-02)	0
2310            	p               	-1.86210223e+02	(1.04096376e-03 1.18479076e-04 -4.69972771e-02)	2	1.47984226e+02	(-1.07861209e-03 -4.16300584e-02 3.00200190e-02)	0
2320            	p               	-1.87431439e+02	(1.04096376e-03 1.18479076e-04 -4.69972771e-02)	2	1.58914951e+02	(-1.07861209e-03 -4.16300584e-02 3.00200190e-02)	0
2330            	p               	-1.87980874e+02	(1.04096376e-03 1.18479076e-04 -4.69972771e-02)	2	1.50486762e+02	(-1.07861209e-03 -4.16300584e-02 3.00200190e-02)	0
2340            	p               	-1.88011548e+02	(1.04096376e-03 1.18479076e-04 -4.69972771e-02)	2	1.48245824e+02	(-2.07535959e-03 -4.26604371e-02 2.85238985e-02)	0
2350            	p               	-1.86071213e+02	(1.04096376e-03 1.18479076e-04 -4.69972771e-02)	2	1.49638064e+02	(-2.07535959e-03 -4.26604371e-02 2.85238985e-02)	0
2360            	p               	-1.80468235e+02	(1.04096376e-03 1.18479076e-04 -4.69972771e-02)	2	1.50464241e+02	(-2.57580471e-03 -4.01261485e-02 3.20460252e-02)	0
2370            	p               	-1.71653642e+02	(1.04096376e-03 1.18479076e-04 -4.69972771e-02)	2	1.49351877e+02	(-2.57580471e-03 -4.01261485e-02 3.20460252e-02)	0
2380            	p               	-1.67212263e+02	(1.38266424e-02 -4.42010280e-02 2.65223907e-02)	0	1.46516234e+02	(-1.57724053e-03 -4.16369136e-02 3.00254681e-02)	0
2390            	p               	-1.83029005e+02	(1.38266424e-02 -4.42010280e-02 2.65223907e-02)	0	1.46227083e+02	(-1.57909014e-03 -3.21602075e-02 4.02551735e-02)	0
2400            	p               	-1.82271643e+02	(1.38266424e-02 -4.42010280e-02 2.65223907e-02)	0	1.44155952e+02	(-2.07775778e-03 -3.21602211e-02 4.02551900e-02)	0
2410            	p               	-1.57642600e+02	(1.04096376e-03 1.18479076e-04 -4.69972771e-02)	2	1.42127702e+02	(4.17263921e-04 -4.42020517e-02 2.60151644e-02)	0
2420            	p               	-1.59864722e+02	(1.04096376e-03 1.18479076e-04 -4.69972771e-02)	2	1.42851840e+02	(4.17263921e-04 -4.42020517e-02 2.60151644e-02)	0
2430            	p               	-1.59348048e+02	(1.04096376e-03 1.18479076e-04 -4.69972771e-02)	2	1.42548235e+02	(4.17263921e-04 -4.42020517e-02 2.60151644e-02)	0
2440            	p               	-1.54557356e+02	(1.04096376e-03 1.18479076e-04 -4.69972771e-02)	2	1.46702032e+02	(-1.07861209e-03 -4.16300584e-02 3.00200190e-02)	0
2450            	p               	-1.49167210e+02	(1.04096376e-03 1.18479076e-04 -4.69972771e-02)	2	1.44497651e+02	(4.17263921e-04 -4.42020517e-02 2.60151644e-02)	0
2460            	p               	-1.69683976e+02	(1.38203440e-02 -4.21912862e-02 2.95589492e-02)	0	1.45629891e+02	(4.17263921e-04 -4.42020517e-02 2.60151644e-02)	0
2470            	p               	-1.64275239e+02	(1.38203440e-02 -4.21912862e-02 2.95589492e-02)	0	1.46559090e+02	(4.17263921e-04 -4.42020517e-02 2.60151644e-02)	0
2480            	p               	-1.63591789e+02	(1.04096376e-03 1.18479076e-04 -4.69972771e-02)	2	1.52665217e+02	(-1.07861209e-03 -4.16300584e-02 3.00200190e-02)	0
2490            	p               	-1.71074058e+02	(1.04096376e-03 1.18479076e-04 -4.69972771e-02)	2	1.61191394e+02	(-1.07861209e-03 -4.16300584e-02 3.00200190e-02)	0
2500            	p               	-1.77849257e+02	(1.04096376e-03 1.18479076e-04 -4.69972771e-02)	2	1.48145833e+02	(-1.07861209e-03 -4.16300584e-02 3.00200190e-02)	0
2510            	p               	-1.78335939e+02	(1.04096376e-03 1.18479076e-04 -4.69972771e-02)	2	1.48834426e+02	(-2.07535959e-03 -4.26604371e-02 2.85238985e-02)	0
2520            	p               	-1.74311412e+02	(1.04096376e-03 1.18479076e-04 -4.69972771e-02)	2	1.57970408e+02	(-1.07861209e-03 -4.16300584e-02 3.00200190e-02)	0
2530            	p               	-1.71041545e+02	(1.04096376e-03 1.18479076e-04 -4.69972771e-02)	2	1.63751600e+02	(-1.07861209e-03 -4.16300584e-02 3.00200190e-02)	0
2540            	p               	-1.71327555e+02	(1.04096376e-03 1.18479076e-04 -4.69972771e-02)	2	1.52961980e+02	(-1.07861209e-03 -4.16300584e-02 3.00200190e-02)	0
2550            	p               	-1.75163180e+02	(1.04096376e-03 1.18479076e-04 -4.69972771e-02)	2	1.43172006e+02	(1.38161057e-02 -3.86584601e-02 3.41094594e-02)	0
2560            	p               	-1.81463146e+02	(1.04096376e-03 1.18479076e-04 -4.69972771e-02)	2	1.40791711e+02	(1.38161057e-02 -3.86584601e-02 3.41094594e-02)	0
2570            	p               	-1.86897433e+02	(1.04096376e-03 1.18479076e-04 -4.69972771e-02)	2	1.37943546e+02	(1.38161057e-02 -3.86584601e-02 3.41094594e-02)	0
2580            	p               	-1.88667919e+02	(1.04096376e-03 1.18479076e-04 -4.69972771e-02)	2	1.45703514e+02	(3.90381199e-03 -4.01223556e-02 3.20422300e-02)	0
2590            	p               	-1.87408698e+02	(1.04096376e-03 1.18479076e-04 -4.69972771e-02)	2	1.56596861e+02	(3.90381199e-03 -4.01223556e-02 3.20422300e-02)	0
2600            	p               	-1.85305276e+02	(1.04096376e-03 1.18479076e-04 -4.69972771e-02)	2	1.57580927e+02	(3.90381199e-03 -4.01223556e-02 3.20422300e-02)	0
2610            	p               	-1.84242173e+02	(1.04096376e-03 1.18479076e-04 -4.69972771e-02)	2	1.53199583e+02	(-1.07861209e-03 -4.16300584e-02 3.00200190e-02)	0
2620            	p               	-1.85355182e+02	(1.04096376e-03 1.18479076e-04 -4.69972771e-02)	2	1.45550901e+02	(-1.07861209e-03 -4.16300584e-02 3.00200190e-02)	0
2630            	p               	-1.86660823e+02	(1.04096376e-03 1.18479076e-04 -4.69972771e-02)	2	1.36955684e+02	(-1.07861209e-03 -4.16300584e-02 3.00200190e-02)	0
2640            	p               	-1.84835273e+02	(1.04096376e-03 1.18479076e-04 -4.69972771e-02)	2	1.34604120e+02	(1.90679081e-03 -4.26521217e-02 2.85171598e-02)	0
2650            	p               	-1.81403695e+02	(1.04096376e-03 1.18479076e-04 -4.69972771e-02)	2	1.37283576e+02	(1.90679081e-03 -4.26521217e-02 2.85171598e-02)	0
2660            	p               	-1.75007711e+02	(1.04096376e-03 1.18479076e-04 -4.69972771e-02)	2	1.37425611e+02	(4.17263921e-04 -4.42020517e-02 2.60151644e-02)	0
2670            	p               	-1.68328110e+02	(1.04096376e-03 1.18479076e-04 -4.69972771e-02)	2	1.41878839e+02	(-4.07240891e-03 2.60204199e-02 4.42113209e-02)	4
2680            	p               	-1.64731973e+02	(1.04096376e-03 1.18479076e-04 -4.69972771e-02)	2	1.47639104e+02	(4.17263921e-04 -4.42020517e-02 2.60151644e-02)	0
2690            	p               	-1.64573490e+02	(1.04096376e-03 1.18479076e-04 -4.69972771e-02)	2	1.54251929e+02	(4.17263921e-04 -4.42020517e-02 2.60151644e-02)	0
2700            	p               	-1.67261961e+02	(1.04096376e-03 1.18479076e-04 -4.69972771e-02)	2	1.56933812e+02	(9.13029129e-04 -4.01161347e-02 3.20365111e-02)	0
2710            	p               	-1.71523679e+02	(1.04096376e-03 1.18479076e-04 -4.69972771e-02)	2	1.61949690e+02	(-8.28458384e-05 -4.01185178e-02 3.20390602e-02)	0
2720            	p               	-1.74950894e+02	(1.04096376e-03 1.18479076e-04 -4.69972771e-02)	2	1.59608588e+02	(9.13029129e-04 -4.01161347e-02 3.20365111e-02)	0
2730            	p               	-1.76868834e+02	(1.04096376e-03 1.18479076e-04 -4.69972771e-02)	2	1.65048593e+02	(4.15167086e-04 -4.01169756e-02 3.20374820e-02)	0
2740            	p               	-1.78411632e+02	(1.04096376e-03 1.18479076e-04 -4.69972771e-02)	2	1.72581581e+02	(4.15167086e-04 -4.01169756e-02 3.20374820e-02)	0
2750            	p               	-1.79716617e+02	(1.04096376e-03 1.18479076e-04 -4.69972771e-02)	2	1.63388137e+02	(4.15167086e-04 -4.01169756e-02 3.20374820e-02)	0
2760            	p               	-1.79612207e+02	(1.04096376e-03 1.18479076e-04 -4.69972771e-02)	2	1.49724267e+02	(1.90659934e-03 -4.16300578e-02 3.00197022e-02)	0
2770            	p               	-1.78487703e+02	(1.04096376e-03 1.18479076e-04 -4.69972771e-02)	2	1.47567211e+02	(-1.07861209e-03 -4.16300584e-02 3.00200190e-02)	0
2780            	p               	-1.76865179e+02	(1.04096376e-03 1.18479076e-04 -4.69972771e-02)	2	1.47549030e+02	(-1.07861209e-03 -4.16300584e-02 3.00200190e-02)	0
2790            	p               	-1.75504212e+02	(1.04096376e-03 1.18479076e-04 -4.69972771e-02)	2	1.53367741e+02	(-1.07861209e-03 -4.16300584e-02 3.00200190e-02)	0
2800            	p               	-1.75355701e+02	(1.04096376e-03 1.18479076e-04 -4.69972771e-02)	2	1.65283586e+02	(-1.07861209e-03 -4.16300584e-02 3.00200190e-02)	0
2810            	p               	-1.75703571e+02	(1.04096376e-03 1.18479076e-04 -4.69972771e-02)	2	1.74819369e+02	(-1.07861209e-03 -4.16300584e-02 3.00200190e-02)	0
2820            	p               	-1.75139398e+02	(1.04096376e-03 1.18479076e-04 -4.69972771e-02)	2	1.71773097e+02	(-1.07861209e-03 -4.16300584e-02 3.00200190e-02)	0
2830            	p               	-1.73990455e+02	(1.04096376e-03 1.18479076e-04 -4.69972771e-02)	2	1.67093694e+02	(-1.07861209e-03 -4.16300584e-02 3.00200190e-02)	0
2840            	p               	-1.72721505e+02	(1.04096376e-03 1.18479076e-04 -4.69972771e-02)	2	1.73715792e+02	(-1.07861209e-03 -4.16300584e-02 3.00200190e-02)	0
2850            	p               	-1.72719107e+02	(1.04096376e-03 1.18479076e-04 -4.69972771e-02)	2	1.71902217e+02	(-1.07861209e-03 -4.16300584e-02 3.00200190e-02)	0
2860            	p               	-1.73961265e+02	(1.04096376e-03 1.18479076e-04 -4.69972771e-02)	2	1.68694988e+02	(-1.07861209e-03 -4.16300584e-02 3.00200190e-02)	0
2870            	p               	-1.75651968e+02	(1.04096376e-03 1.18479076e-04 -4.69972771e-02)	2	1.67837597e+02	(-1.07861209e-03 -4.16300584e-02 3.00200190e-02)	0
2880            	p               	-1.76187065e+02	(1.04096376e-03 1.18479076e-04 -4.69972771e-02)	2	1.62374116e+02	(-1.07861209e-03 -4.16300584e-02 3.00200190e-02)	0
2890            	p               	-1.76917277e+02	(1.04096376e-03 1.18479076e-04 -4.69972771e-02)	2	1.50865074e+02	(2.40742029e-03 -4.01182986e-02 3.20382874e-02)	0
2900            	p               	-1.78154315e+02	(1.04096376e-03 1.18479076e-04 -4.69972771e-02)	2	1.38151542e+02	(2.40742029e-03 -4.01182986e-02 3.20382874e-02)	0
2910            	p               	-1.79486985e+02	(1.04096376e-03 1.18479076e-04 -4.69972771e-02)	2	1.36304989e+02	(3.90381199e-03 -4.01223556e-02 3.20422300e-02)	0
2920            	p               	-1.80030794e+02	(1.04096376e-03 1.18479076e-04 -4.69972771e-02)	2	1.38778477e+02	(-1.07861209e-03 -4.16300584e-02 3.00200190e-02)	0
2930            	p               	-1.76492211e+02	(1.04096376e-03 1.18479076e-04 -4.69972771e-02)	2	1.38968460e+02	(-1.07861209e-03 -4.16300584e-02 3.00200190e-02)	0
2940            	p               	-1.75800797e+02	(1.38220268e-02 3.30945039e-02 -3.96616699e-02)	2	1.35421951e+02	(-1.07861209e-03 -4.16300584e-02 3.00200190e-02)	0
2950            	p               	-1.63610327e+02	(1.38220268e-02 3.30945039e-02 -3.96616699e-02)	2	1.32945743e+02	(4.17263921e-04 -4.42020517e-02 2.60151644e-02)	0
2960            	p               	-1.61432630e+02	(1.04096376e-03 1.18479076e-04 -4.69972771e-02)	2	1.34421816e+02	(-1.07861209e-03 -4.16300584e-02 3.00200190e-02)	0
2970            	p               	-1.68782018e+02	(1.38198175e-02 4.21921044e-02 -2.95599359e-02)	5	1.33716033e+02	(-1.07861209e-03 -4.16300584e-02 3.00200190e-02)	0
2980            	p               	-1.66172491e+02	(1.04096376e-03 1.18479076e-04 -4.69972771e-02)	2	1.30933043e+02	(2.41022738e-03 4.47683062e-02 -2.50387705e-02)	5
2990            	p               	-1.71305452e+02	(1.04096376e-03 1.18479076e-04 -4.69972771e-02)	2	1.33042917e+02	(2.41022738e-03 4.47683062e-02 -2.50387705e-02)	5
3000            	p               	-1.76367594e+02	(1.04096376e-03 1.18479076e-04 -4.69972771e-02)	2	1.39376901e+02	(9.15103888e-04 -4.42010670e-02 2.60140748e-02)	0
3010            	p               	-1.80406464e+02	(1.04096376e-03 1.18479076e-04 -4.69972771e-02)	2	1.48956141e+02	(9.13029129e-04 -4.01161347e-02 3.20365111e-02)	0
3020            	p               	-1.82576395e+02	(1.04096376e-03 1.18479076e-04 -4.69972771e-02)	2	1.55878671e+02	(9.13029129e-04 -4.01161347e-02 3.20365111e-02)	0
3030            	p               	-1.83543592e+02	(1.04096376e-03 1.18479076e-04 -4.69972771e-02)	2	1.55891940e+02	(9.13029129e-04 -4.01161347e-02 3.20365111e-02)	0
3040            	p               	-1.84268526e+02	(1.04096376e-03 1.18479076e-04 -4.69972771e-02)	2	1.43915363e+02	(9.13029129e-04 -4.01161347e-02 3.20365111e-02)	0
3050            	p               	-1.84347444e+02	(1.04096376e-03 1.18479076e-04 -4.69972771e-02)	2	1.38501297e+02	(4.15167086e-04 -4.01169756e-02 3.20374820e-02)	0
3060            	p               	-1.82735776e+02	(1.04096376e-03 1.18479076e-04 -4.69972771e-02)	2	1.41001253e+02	(-1.07861209e-03 -4.16300584e-02 3.00200190e-02)	0
3070            	p               	-1.81188402e+02	(1.04096376e-03 1.18479076e-04 -4.69972771e-02)	2	1.48283708e+02	(-1.07861209e-03 -4.16300584e-02 3.00200190e-02)	0
3080            	p               	-1.82265727e+02	(1.04096376e-03 1.18479076e-04 -4.69972771e-02)	2	1.47719167e+02	(-1.07861209e-03 -4.16300584e-02 3.00200190e-02)	0
3090            	p               	-1.86556756e+02	(1.04096376e-03 1.18479076e-04 -4.69972771e-02)	2	1.46650741e+02	(-1.07861209e-03 -4.16300584e-02 3.00200190e-02)	0
3100            	p               	-1.91859593e+02	(1.04096376e-03 1.18479076e-04 -4.69972771e-02)	2	1.54285845e+02	(-8.28458384e-05 -4.01185178e-02 3.20390602e-02)	0
3110            	p               	-1.96643190e+02	(1.04096376e-03 1.18479076e-04 -4.69972771e-02)	2	1.68600866e+02	(4.15167086e-04 -4.01169756e-02 3.20374820e-02)	0
3120            	p               	-1.99734845e+02	(1.04096376e-03 1.18479076e-04 -4.69972771e-02)	2	1.77389118e+02	(9.13029129e-04 -4.01161347e-02 3.20365111e-02)	0
3130            	p               	-2.00789812e+02	(1.04096376e-03 1.18479076e-04 -4.69972771e-02)	2	1.68892901e+02	(9.13029129e-04 -4.01161347e-02 3.20365111e-02)	0
3140            	p               	-1.99760069e+02	(1.04096376e-03 1.18479076e-04 -4.69972771e-02)	2	1.56379441e+02	(4.15167086e-04 -4.01169756e-02 3.20374820e-02)	0
3150            	p               	-1.94208636e+02	(1.04096376e-03 1.18479076e-04 -4.69972771e-02)	2	1.54002155e+02	(-8.28458384e-05 -4.01185178e-02 3.20390602e-02)	0
3160            	p               	-1.84838917e+02	(1.04096376e-03 1.18479076e-04 -4.69972771e-02)	2	1.43813156e+02	(-8.28458384e-05 -4.01185178e-02 3.20390602e-02)	0
3170            	p               	-1.76264839e+02	(1.04096376e-03 1.18479076e-04 -4.69972771e-02)	2	1.46943030e+02	(1.90679081e-03 -4.26521217e-02 2.85171598e-02)	0
3180            	p               	-1.70554833e+02	(1.04096376e-03 1.18479076e-04 -4.69972771e-02)	2	1.60014895e+02	(1.90679081e-03 -4.26521217e-02 2.85171598e-02)	0
3190            	p               	-1.78636862e+02	(1.43145538e-02 3.30924728e-02 -3.96589686e-02)	2	1.67090142e+02	(2.40524807e-03 -4.26561681e-02 2.85196713e-02)	0
3200            	p               	-1.91446939e+02	(1.38220268e-02 3.30945039e-02 -3.96616699e-02)	2	1.57220109e+02	(2.40545055e-03 -4.16339694e-02 3.00227477e-02)	0
3210            	p               	-1.92794996e+02	(1.38220268e-02 3.30945039e-02 -3.96616699e-02)	2	1.45627013e+02	(2.90607600e-03 -4.01197077e-02 3.20396440e-02)	0
3220            	p               	-1.97332513e+02	(1.38266424e-02 -4.42010280e-02 2.65223907e-02)	0	1.39008766e+02	(-1.07861209e-03 -4.16300584e-02 3.00200190e-02)	0
3230            	p               	-1.91347426e+02	(-1.35032561e-02 3.35882653e-02 3.91442393e-02)	4	1.43789063e+02	(-1.07861209e-03 -4.16300584e-02 3.00200190e-02)	0
3240            	p               	-1.75553119e+02	(-1.35032561e-02 3.35882653e-02 3.91442393e-02)	4	1.49057456e+02	(-1.35072434e-02 3.81379822e-02 3.46027633e-02)	4
3250            	p               	-1.64418666e+02	(-1.44709080e-02 3.96670340e-02 3.30986000e-02)	5	1.56002933e+02	(-1.44758234e-02 3.91581142e-02 3.35992440e-02)	5
3260            	p               	-1.61925476e+02	(1.04096376e-03 1.18479076e-04 -4.69972771e-02)	2	1.44371572e+02	(-1.07861209e-03 -4.16300584e-02 3.00200190e-02)	0
3270            	p               	-1.81292179e+02	(1.38266424e-02 -4.42010280e-02 2.65223907e-02)	0	1.42865049e+02	(-1.07861209e-03 -4.16300584e-02 3.00200190e-02)	0
3280            	p               	-1.88445609e+02	(1.38266424e-02 -4.42010280e-02 2.65223907e-02)	0	1.41242546e+02	(2.41022738e-03 4.47683062e-02 -2.50387705e-02)	5
3290            	p               	-1.88307453e+02	(1.38203440e-02 -4.21912862e-02 2.95589492e-02)	0	1.47678451e+02	(2.41022681e-03 4.26794850e-02 -2.85359099e-02)	5
3300            	p               	-2.12495912e+02	(1.38198175e-02 4.21921044e-02 -2.95599359e-02)	5	1.51852956e+02	(1.41289309e-03 4.26794859e-02 -2.85359104e-02)	5
3310            	p               	-2.10362179e+02	(1.43076469e-02 3.91623859e-02 -3.36047392e-02)	5	1.55393635e+02	(-2.07701120e-03 -4.01251732e-02 3.20451552e-02)	0
3320            	p               	-1.96965054e+02	(1.43076469e-02 3.91623859e-02 -3.36047392e-02)	5	1.72202339e+02	(-8.28458384e-05 -4.01185178e-02 3.20390602e-02)	0
3330            	p               	-1.79878036e+02	(1.04096376e-03 1.18479076e-04 -4.69972771e-02)	2	1.52915185e+02	(-1.07861209e-03 -4.16300584e-02 3.00200190e-02)	0
3340            	p               	-1.82469753e+02	(1.04096376e-03 1.18479076e-04 -4.69972771e-02)	2	1.54559035e+02	(4.17263921e-04 -4.42020517e-02 2.60151644e-02)	0
3350            	p               	-1.83191556e+02	(1.04096376e-03 1.18479076e-04 -4.69972771e-02)	2	1.55839808e+02	(-2.07535959e-03 -4.26604371e-02 2.85238985e-02)	0
3360            	p               	-1.81406016e+02	(1.04096376e-03 1.18479076e-04 -4.69972771e-02)	2	1.63176874e+02	(-8.28458384e-05 -4.01185178e-02 3.20390602e-02)	0
3370            	p               	-1.85653584e+02	(1.38164649e-02 -3.36056384e-02 -3.91634953e-02)	1	1.71089861e+02	(-8.28458384e-05 -4.01185178e-02 3.20390602e-02)	0
3380            	p               	-1.79439828e+02	(1.38164649e-02 -3.36056384e-02 -3.91634953e-02)	1	1.66306255e+02	(-8.28458384e-05 -4.01185178e-02 3.20390602e-02)	0
3390            	p               	-1.79399634e+02	(1.04096376e-03 1.18479076e-04 -4.69972771e-02)	2	1.62472858e+02	(4.15167086e-04 -4.01169756e-02 3.20374820e-02)	0
3400            	p               	-1.79666814e+02	(1.04096376e-03 1.18479076e-04 -4.69972771e-02)	2	1.67535489e+02	(4.15167086e-04 -4.01169756e-02 3.20374820e-02)	0
3410            	p               	-1.82093839e+02	(1.04096376e-03 1.18479076e-04 -4.69972771e-02)	2	1.67845629e+02	(-1.07861209e-03 -4.16300584e-02 3.00200190e-02)	0
3420            	p               	-1.82561694e+02	(1.04096376e-03 1.18479076e-04 -4.69972771e-02)	2	1.88305912e+02	(-1.07861209e-03 -4.16300584e-02 3.00200190e-02)	0
3430            	p               	-1.80303034e+02	(1.04096376e-03 1.18479076e-04 -4.69972771e-02)	2	1.88122112e+02	(-1.07861209e-03 -4.16300584e-02 3.00200190e-02)	0
3440            	p               	-1.76834243e+02	(1.04096376e-03 1.18479076e-04 -4.69972771e-02)	2	1.83070556e+02	(-1.07861209e-03 -4.16300584e-02 3.00200190e-02)	0
3450            	p               	-1.80002750e+02	(2.92322940e-04 -4.01925194e-02 2.30838825e-02)	0	1.85839052e+02	(-1.07861209e-03 -4.16300584e-02 3.00200190e-02)	0
3460            	p               	-1.98370134e+02	(1.38198175e-02 4.21921044e-02 -2.95599359e-02)	5	1.92275910e+02	(-1.07861209e-03 -4.16300584e-02 3.00200190e-02)	0
3470            	p               	-2.02605804e+02	(5.42125314e-04 -4.04331510e-02 2.30882865e-02)	0	1.85182351e+02	(-1.07861209e-03 -4.16300584e-02 3.00200190e-02)	0
3480            	p               	-2.01080508e+02	(5.42125314e-04 -4.04331510e-02 2.30882865e-02)	0	1.78740947e+02	(-1.07861209e-03 -4.16300584e-02 3.00200190e-02)	0
3490            	p               	-1.92385579e+02	(5.42125314e-04 -4.04331510e-02 2.30882865e-02)	0	1.84215480e+02	(-2.57580471e-03 -4.01261485e-02 3.20460252e-02)	0
3500            	p               	-1.80596013e+02	(1.38220268e-02 3.30945039e-02 -3.96616699e-02)	2	1.87733261e+02	(-2.57580471e-03 -4.01261485e-02 3.20460252e-02)	0
3510            	p               	-1.91193114e+02	(1.80550126e-03 -4.09723020e-02 2.35548778e-02)	0	1.79488213e+02	(-2.07701120e-03 -4.01251732e-02 3.20451552e-02)	0
3520            	p               	-1.88415744e+02	(1.80550126e-03 -4.09723020e-02 2.35548778e-02)	0	1.76578311e+02	(-2.07701120e-03 -4.01251732e-02 3.20451552e-02)	0
3530            	p               	-1.76553225e+02	(1.80550126e-03 -4.09723020e-02 2.35548778e-02)	0	1.63023822e+02	(-2.07701120e-03 -4.01251732e-02 3.20451552e-02)	0
3540            	p               	-1.66233119e+02	(1.04096376e-03 1.18479076e-04 -4.69972771e-02)	2	1.50683675e+02	(-1.57824955e-03 -4.01238896e-02 3.20440194e-02)	0
3550            	p               	-1.70774181e+02	(1.04096376e-03 1.18479076e-04 -4.69972771e-02)	2	1.39487485e+02	(-3.07371602e-03 -4.26692569e-02 2.85295336e-02)	0
3560            	p               	-1.70534573e+02	(1.04096376e-03 1.18479076e-04 -4.69972771e-02)	2	1.49070582e+02	(-3.07371602e-03 -4.26692569e-02 2.85295336e-02)	0
3570            	p               	-1.68750069e+02	(1.04096376e-03 1.18479076e-04 -4.69972771e-02)	2	1.46545177e+02	(-3.07371602e-03 -4.26692569e-02 2.85295336e-02)	0
3580            	p               	-1.67893046e+02	(1.04096376e-03 1.18479076e-04 -4.69972771e-02)	2	1.52266056e+02	(5.90085395e-03 4.47682705e-02 -2.50387523e-02)	5
3590            	p               	-1.81528000e+02	(1.38198175e-02 4.21921044e-02 -2.95599359e-02)	5	1.46136259e+02	(-3.57338358e-03 -4.01274042e-02 3.20471681e-02)	0
3600            	p               	-2.09281258e+02	(1.38198175e-02 4.21921044e-02 -2.95599359e-02)	5	1.53446025e+02	(-3.07460398e-03 -4.01268783e-02 3.20466862e-02)	0
3610            	p               	-2.06072467e+02	(1.43076469e-02 3.91623859e-02 -3.36047392e-02)	5	1.55332989e+02	(-2.57516388e-03 -4.16447523e-02 3.00314961e-02)	0
3620            	p               	-1.95853280e+02	(1.43145538e-02 3.30924728e-02 -3.96589686e-02)	2	1.58210104e+02	(-2.07615910e-03 -4.16414838e-02 3.00289707e-02)	0
3630            	p               	-2.07991971e+02	(1.38220268e-02 3.30945039e-02 -3.96616699e-02)	2	1.51458571e+02	(-2.07615910e-03 -4.16414838e-02 3.00289707e-02)	0
3640            	p               	-1.93188236e+02	(1.38220268e-02 3.30945039e-02 -3.96616699e-02)	2	1.48619018e+02	(-1.07861209e-03 -4.16300584e-02 3.00200190e-02)	0
3650            	p               	-1.75829582e+02	(1.38220268e-02 3.30945039e-02 -3.96616699e-02)	2	1.49412359e+02	(1.38197540e-02 2.95607283e-02 -4.21920123e-02)	2
3660            	p               	-1.75933151e+02	(1.04096376e-03 1.18479076e-04 -4.69972771e-02)	2	1.33586597e+02	(1.38197540e-02 2.95607283e-02 -4.21920123e-02)	2
3670            	p               	-1.79393250e+02	(1.04096376e-03 1.18479076e-04 -4.69972771e-02)	2	1.38823721e+02	(-1.07861209e-03 -4.16300584e-02 3.00200190e-02)	0
3680            	p               	-1.82502995e+02	(1.04096376e-03 1.18479076e-04 -4.69972771e-02)	2	1.45156295e+02	(-1.07861209e-03 -4.16300584e-02 3.00200190e-02)	0
3690            	p               	-1.83893874e+02	(1.04096376e-03 1.18479076e-04 -4.69972771e-02)	2	1.46178479e+02	(-1.07861209e-03 -4.16300584e-02 3.00200190e-02)	0
3700            	p               	-1.82884259e+02	(1.04096376e-03 1.18479076e-04 -4.69972771e-02)	2	1.43010500e+02	(-1.07861209e-03 -4.16300584e-02 3.00200190e-02)	0
3710            	p               	-1.81524349e+02	(1.04096376e-03 1.18479076e-04 -4.69972771e-02)	2	1.54568930e+02	(-8.28458384e-05 -4.01185178e-02 3.20390602e-02)	0
3720            	p               	-1.79483137e+02	(1.04096376e-03 1.18479076e-04 -4.69972771e-02)	2	1.69042133e+02	(-8.28458384e-05 -4.01185178e-02 3.20390602e-02)	0
3730            	p               	-1.76194562e+02	(1.04096376e-03 1.18479076e-04 -4.69972771e-02)	2	1.70246775e+02	(-8.28458384e-05 -4.01185178e-02 3.20390602e-02)	0
3740            	p               	-1.77765503e+02	(1.38198175e-02 4.21921044e-02 -2.95599359e-02)	5	1.64781031e+02	(-8.28458384e-05 -4.01185178e-02 3.20390602e-02)	0
3750            	p               	-1.93219732e+02	(1.38198175e-02 4.21921044e-02 -2.95599359e-02)	5	1.58981776e+02	(-8.28458384e-05 -4.01185178e-02 3.20390602e-02)	0
3760            	p               	-1.81984948e+02	(1.38198175e-02 4.21921044e-02 -2.95599359e-02)	5	1.67992861e+02	(-1.07861209e-03 -4.16300584e-02 3.00200190e-02)	0
3770            	p               	-1.79428305e+02	(1.04096376e-03 1.18479076e-04 -4.69972771e-02)	2	1.64767087e+02	(-1.07861209e-03 -4.16300584e-02 3.00200190e-02)	0
3780            	p               	-1.79153010e+02	(1.04096376e-03 1.18479076e-04 -4.69972771e-02)	2	1.58516557e+02	(-1.07861209e-03 -4.16300584e-02 3.00200190e-02)	0
3790            	p               	-1.73830669e+02	(1.04096376e-03 1.18479076e-04 -4.69972771e-02)	2	1.57831413e+02	(-1.07861209e-03 -4.16300584e-02 3.00200190e-02)	0
3800            	p               	-1.67468244e+02	(1.38266424e-02 -4.42010280e-02 2.65223907e-02)	0	1.54761371e+02	(-1.07861209e-03 -4.16300584e-02 3.00200190e-02)	0
3810            	p               	-1.64888747e+02	(1.04096376e-03 1.18479076e-04 -4.69972771e-02)	2	1.44266004e+02	(-1.07861209e-03 -4.16300584e-02 3.00200190e-02)	0
3820            	p               	-1.67669180e+02	(1.04096376e-03 1.18479076e-04 -4.69972771e-02)	2	1.32045006e+02	(-1.07861209e-03 -4.16300584e-02 3.00200190e-02)	0
3830            	p               	-1.72792516e+02	(1.04096376e-03 1.18479076e-04 -4.69972771e-02)	2	1.36420487e+02	(4.14168868e-04 -4.21826465e-02 2.95621088e-02)	0
3840            	p               	-1.77438213e+02	(1.04096376e-03 1.18479076e-04 -4.69972771e-02)	2	1.31734715e+02	(1.38270356e-02 -3.96583328e-02 3.25858335e-02)	0
3850            	p               	-1.78817799e+02	(1.04096376e-03 1.18479076e-04 -4.69972771e-02)	2	1.29340079e+02	(1.90659934e-03 -4.16300578e-02 3.00197022e-02)	0
3860            	p               	-1.76413350e+02	(1.04096376e-03 1.18479076e-04 -4.69972771e-02)	2	1.36039307e+02	(5.40220502e-03 4.47682826e-02 -2.50387586e-02)	5
3870            	p               	-1.80433225e+02	(5.31248042e-04 -3.79182283e-02 3.03822119e-02)	0	1.44495962e+02	(4.40488580e-03 4.47682957e-02 -2.50387653e-02)	5
3880            	p               	-2.24658343e+02	(5.59871833e-04 -3.81740820e-02 3.05939889e-02)	0	1.49143230e+02	(2.90888835e-03 4.47683045e-02 -2.50387697e-02)	5
3890            	p               	-2.34813296e+02	(5.59871833e-04 -3.81740820e-02 3.05939889e-02)	0	1.48227432e+02	(1.91155997e-03 4.26794855e-02 -2.85359102e-02)	5
3900            	p               	-1.99026308e+02	(5.59871833e-04 -3.81740820e-02 3.05939889e-02)	0	1.42482732e+02	(1.91156471e-03 4.01289392e-02 -3.20485472e-02)	5
3910            	p               	-1.65553107e+02	(1.38220268e-02 3.30945039e-02 -3.96616699e-02)	2	1.55832961e+02	(2.90453710e-03 -4.16374894e-02 3.00254940e-02)	0
3920            	p               	-1.61972004e+02	(1.04096376e-03 1.18479076e-04 -4.69972771e-02)	2	1.66465155e+02	(4.15167086e-04 -4.01169756e-02 3.20374820e-02)	0
3930            	p               	-1.66332203e+02	(1.04096376e-03 1.18479076e-04 -4.69972771e-02)	2	1.63881931e+02	(4.15167086e-04 -4.01169756e-02 3.20374820e-02)	0
3940            	p               	-1.70979551e+02	(1.38220268e-02 3.30945039e-02 -3.96616699e-02)	2	1.42981375e+02	(4.15167086e-04 -4.01169756e-02 3.20374820e-02)	0
3950            	p               	-1.72713356e+02	(1.04096376e-03 1.18479076e-04 -4.69972771e-02)	2	1.49288644e+02	(-1.07861209e-03 -4.16300584e-02 3.00200190e-02)	0
3960            	p               	-1.74581846e+02	(1.04096376e-03 1.18479076e-04 -4.69972771e-02)	2	1.54982324e+02	(-1.07861209e-03 -4.16300584e-02 3.00200190e-02)	0
3970            	p               	-1.75548965e+02	(1.04096376e-03 1.18479076e-04 -4.69972771e-02)	2	1.54844190e+02	(-1.07861209e-03 -4.16300584e-02 3.00200190e-02)	0
3980            	p               	-1.77095264e+02	(1.04096376e-03 1.18479076e-04 -4.69972771e-02)	2	1.54941358e+02	(-8.28458384e-05 -4.01185178e-02 3.20390602e-02)	0
3990            	p               	-1.77674048e+02	(1.04096376e-03 1.18479076e-04 -4.69972771e-02)	2	1.48710569e+02	(9.13029129e-04 -4.01161347e-02 3.20365111e-02)	0
4000            	p               	-1.76078632e+02	(1.04096376e-03 1.18479076e-04 -4.69972771e-02)	2	1.49679323e+02	(-2.57456425e-03 -4.26654437e-02 2.85271020e-02)	0
4010            	p               	-1.74176815e+02	(1.04096376e-03 1.18479076e-04 -4.69972771e-02)	2	1.68917788e+02	(-1.07861209e-03 -4.16300584e-02 3.00200190e-02)	0
4020            	p               	-1.72396667e+02	(1.04096376e-03 1.18479076e-04 -4.69972771e-02)	2	1.88525363e+02	(-1.07861209e-03 -4.16300584e-02 3.00200190e-02)	0
4030            	p               	-1.71158207e+02	(1.04096376e-03 1.18479076e-04 -4.69972771e-02)	2	1.87143681e+02	(-1.07861209e-03 -4.16300584e-02 3.00200190e-02)	0
4040            	p               	-1.70200543e+02	(1.04096376e-03 1.18479076e-04 -4.69972771e-02)	2	1.78416284e+02	(-1.07861209e-03 -4.16300584e-02 3.00200190e-02)	0
4050            	p               	-1.70680577e+02	(1.04096376e-03 1.18479076e-04 -4.69972771e-02)	2	1.79252860e+02	(-1.07861209e-03 -4.16300584e-02 3.00200190e-02)	0
4060            	p               	-1.71601011e+02	(1.04096376e-03 1.18479076e-04 -4.69972771e-02)	2	1.81067068e+02	(-1.07861209e-03 -4.16300584e-02 3.00200190e-02)	0
4070            	p               	-1.70524827e+02	(1.04096376e-03 1.18479076e-04 -4.69972771e-02)	2	1.83579452e+02	(-1.07861209e-03 -4.16300584e-02 3.00200190e-02)	0
4080            	p               	-1.66859037e+02	(1.04096376e-03 1.18479076e-04 -4.69972771e-02)	2	1.75591238e+02	(-1.07861209e-03 -4.16300584e-02 3.00200190e-02)	0
4090            	p               	-1.64094539e+02	(1.38266424e-02 -4.42010280e-02 2.65223907e-02)	0	1.66728348e+02	(-1.57824955e-03 -4.01238896e-02 3.20440194e-02)	0
4100            	p               	-1.71774052e+02	(1.38266424e-02 -4.42010280e-02 2.65223907e-02)	0	1.69493831e+02	(-5.81106645e-04 -4.01204335e-02 3.20408946e-02)	0
4110            	p               	-1.63230414e+02	(1.04096376e-03 1.18479076e-04 -4.69972771e-02)	2	1.69352724e+02	(4.15167086e-04 -4.01169756e-02 3.20374820e-02)	0
4120            	p               	-1.64118659e+02	(1.04096376e-03 1.18479076e-04 -4.69972771e-02)	2	1.63100172e+02	(4.15167086e-04 -4.01169756e-02 3.20374820e-02)	0
4130            	p               	-1.64589160e+02	(1.04096376e-03 1.18479076e-04 -4.69972771e-02)	2	1.52507288e+02	(4.15167086e-04 -4.01169756e-02 3.20374820e-02)	0
4140            	p               	-1.65685077e+02	(1.04096376e-03 1.18479076e-04 -4.69972771e-02)	2	1.48032733e+02	(9.13029129e-04 -4.01161347e-02 3.20365111e-02)	0
4150            	p               	-2.04914246e+02	(-2.32686222e-04 -3.91749254e-02 2.96035356e-02)	0	1.51483708e+02	(4.15167086e-04 -4.01169756e-02 3.20374820e-02)	0
4160            	p               	-2.43388452e+02	(5.60548744e-05 -3.89474142e-02 3.01057694e-02)	0	1.43216323e+02	(4.15167086e-04 -4.01169756e-02 3.20374820e-02)	0
4170            	p               	-2.02448946e+02	(3.01335177e-04 -3.86783138e-02 3.03524762e-02)	0	1.34690994e+02	(4.17263921e-04 -4.42020517e-02 2.60151644e-02)	0
4180            	p               	-1.73756782e+02	(1.38165478e-02 3.36055806e-02 3.91633265e-02)	4	1.37928192e+02	(4.15167086e-04 -4.01169756e-02 3.20374820e-02)	0
4190            	p               	-1.72433106e+02	(1.33361272e-02 3.46010445e-02 3.81368871e-02)	4	1.44771796e+02	(4.17263921e-04 -4.42020517e-02 2.60151644e-02)	0
4200            	p               	-1.59274239e+02	(1.04096376e-03 1.18479076e-04 -4.69972771e-02)	2	1.45699603e+02	(-8.30928139e-05 -3.21601662e-02 4.02551221e-02)	0
4210            	p               	-1.65073417e+02	(1.04096376e-03 1.18479076e-04 -4.69972771e-02)	2	1.49399717e+02	(4.15167086e-04 -4.01169756e-02 3.20374820e-02)	0
4220            	p               	-1.70038036e+02	(1.04096376e-03 1.18479076e-04 -4.69972771e-02)	2	1.70420619e+02	(-8.28458384e-05 -4.01185178e-02 3.20390602e-02)	0
4230            	p               	-1.73753302e+02	(1.04096376e-03 1.18479076e-04 -4.69972771e-02)	2	1.63155234e+02	(9.13029129e-04 -4.01161347e-02 3.20365111e-02)	0
4240            	p               	-1.77931204e+02	(1.04096376e-03 1.18479076e-04 -4.69972771e-02)	2	1.47722110e+02	(4.15167086e-04 -4.01169756e-02 3.20374820e-02)	0
4250            	p               	-1.80791121e+02	(1.04096376e-03 1.18479076e-04 -4.69972771e-02)	2	1.47851305e+02	(-8.28458384e-05 -4.01185178e-02 3.20390602e-02)	0
4260            	p               	-1.81229666e+02	(1.04096376e-03 1.18479076e-04 -4.69972771e-02)	2	1.56160091e+02	(-8.28458384e-05 -4.01185178e-02 3.20390602e-02)	0
4270            	p               	-1.80152804e+02	(1.04096376e-03 1.18479076e-04 -4.69972771e-02)	2	1.58702917e+02	(4.15167086e-04 -4.01169756e-02 3.20374820e-02)	0
4280            	p               	-1.78063147e+02	(1.04096376e-03 1.18479076e-04 -4.69972771e-02)	2	1.46184009e+02	(4.15167086e-04 -4.01169756e-02 3.20374820e-02)	0
4290            	p               	-1.74883581e+02	(1.04096376e-03 1.18479076e-04 -4.69972771e-02)	2	1.37928487e+02	(9.13029129e-04 -4.01161347e-02 3.20365111e-02)	0
4300            	p               	-1.71527805e+02	(1.04096376e-03 1.18479076e-04 -4.69972771e-02)	2	1.39441596e+02	(-1.07861209e-03 -4.16300584e-02 3.00200190e-02)	0
4310            	p               	-1.68237183e+02	(1.04096376e-03 1.18479076e-04 -4.69972771e-02)	2	1.52896913e+02	(-1.07861209e-03 -4.16300584e-02 3.00200190e-02)	0
4320            	p               	-1.65901134e+02	(1.04096376e-03 1.18479076e-04 -4.69972771e-02)	2	1.61828731e+02	(-1.07861209e-03 -4.16300584e-02 3.00200190e-02)	0
4330            	p               	-1.64912641e+02	(1.04096376e-03 1.18479076e-04 -4.69972771e-02)	2	1.59919371e+02	(-1.07861209e-03 -4.16300584e-02 3.00200190e-02)	0
4340            	p               	-1.65579018e+02	(1.04096376e-03 1.18479076e-04 -4.69972771e-02)	2	1.58842770e+02	(-1.08041857e-03 2.60204067e-02 4.42113110e-02)	4
4350            	p               	-1.68793962e+02	(1.04096376e-03 1.18479076e-04 -4.69972771e-02)	2	1.57750489e+02	(-1.08041857e-03 2.60204067e-02 4.42113110e-02)	4
4360            	p               	-1.72973901e+02	(1.04096376e-03 1.18479076e-04 -4.69972771e-02)	2	1.55547041e+02	(2.40545055e-03 -4.16339694e-02 3.00227477e-02)	0
4370            	p               	-1.73267493e+02	(1.04096376e-03 1.18479076e-04 -4.69972771e-02)	2	1.62187674e+02	(2.40742029e-03 -4.01182986e-02 3.20382874e-02)	0
4380            	p               	-1.69177366e+02	(1.04096376e-03 1.18479076e-04 -4.69972771e-02)	2	1.56379865e+02	(2.40742029e-03 -4.01182986e-02 3.20382874e-02)	0
4390            	p               	-1.67273884e+02	(1.04096376e-03 1.18479076e-04 -4.69972771e-02)	2	1.37766744e+02	(2.90607600e-03 -4.01197077e-02 3.20396440e-02)	0
4400            	p               	-1.66998142e+02	(1.04096376e-03 1.18479076e-04 -4.69972771e-02)	2	1.35291121e+02	(-1.07861209e-03 -4.16300584e-02 3.00200190e-02)	0
4410            	p               	-1.66917890e+02	(1.04096376e-03 1.18479076e-04 -4.69972771e-02)	2	1.44678661e+02	(-1.07861209e-03 -4.16300584e-02 3.00200190e-02)	0
4420            	p               	-1.68686558e+02	(1.04096376e-03 1.18479076e-04 -4.69972771e-02)	2	1.44259335e+02	(-1.07861209e-03 -4.16300584e-02 3.00200190e-02)	0
4430            	p               	-1.70725092e+02	(1.04096376e-03 1.18479076e-04 -4.69972771e-02)	2	1.40005078e+02	(-8.31279398e-05 4.81423675e-02 1.93731145e-02)	5
4440            	p               	-1.71073953e+02	(1.04096376e-03 1.18479076e-04 -4.69972771e-02)	2	1.44891737e+02	(-8.31279398e-05 4.81423675e-02 1.93731145e-02)	5
4450            	p               	-1.69319734e+02	(1.04096376e-03 1.18479076e-04 -4.69972771e-02)	2	1.43402351e+02	(-8.31279398e-05 4.81423675e-02 1.93731145e-02)	5
4460            	p               	-1.66057044e+02	(1.04096376e-03 1.18479076e-04 -4.69972771e-02)	2	1.42045562e+02	(1.41288311e-03 -4.42008011e-02 2.60133406e-02)	0
