# Moment        
# CofR          : (0.00000000e+00 0.00000000e+00 0.00000000e+00)
#
# Time          	total_x total_y total_z	pressure_x pressure_y pressure_z	viscous_x viscous_y viscous_z
10               -7.97578590e-01 6.79736925e-02 -1.06271326e-02 -8.48417023e-01 6.80880487e-02 -1.06697398e-02 5.08384330e-02 -1.14356174e-04 4.26072712e-05
20               1.04448591e+00 -4.48023997e-03 3.56774713e-03 9.98078540e-01 -4.46965673e-03 3.47741434e-03 4.64073692e-02 -1.05832456e-05 9.03327865e-05
30               8.10892258e-01 4.57837051e-03 6.06901550e-03 7.65699508e-01 4.66525542e-03 5.95857593e-03 4.51927496e-02 -8.68849048e-05 1.10439568e-04
40               7.60277478e-01 4.63819949e-03 4.25590808e-03 7.14399607e-01 4.73856766e-03 4.11876912e-03 4.58778710e-02 -1.00368169e-04 1.37138957e-04
50               7.19525935e-01 -4.12432625e-05 7.02774537e-03 6.71867184e-01 3.07410842e-05 6.83002987e-03 4.76587506e-02 -7.19843467e-05 1.97715501e-04
60               6.51592354e-01 -2.91446625e-03 6.94387957e-03 6.01670682e-01 -2.90218665e-03 6.65493888e-03 4.99216727e-02 -1.22795989e-05 2.88940687e-04
70               6.06665769e-01 4.53996426e-03 5.58847750e-04 5.54485601e-01 4.51098105e-03 2.58245877e-04 5.21801681e-02 2.89832136e-05 3.00601872e-04
80               5.75300011e-01 9.87966726e-03 8.81289312e-03 5.21276702e-01 9.79213091e-03 8.54342583e-03 5.40233088e-02 8.75363504e-05 2.69467288e-04
90               5.33238369e-01 1.13538321e-02 1.84740951e-02 4.77811489e-01 1.12167539e-02 1.82547502e-02 5.54268804e-02 1.37078219e-04 2.19344869e-04
100              4.92462906e-01 1.27890486e-02 2.23106158e-02 4.36328611e-01 1.25842039e-02 2.20996108e-02 5.61342948e-02 2.04844717e-04 2.11005077e-04
110              4.70831379e-01 1.28628075e-02 1.24621840e-02 4.14754078e-01 1.26140119e-02 1.22606851e-02 5.60773013e-02 2.48795545e-04 2.01498917e-04
120              4.50479000e-01 3.11149054e-03 -5.00001169e-03 3.94696804e-01 2.82303201e-03 -5.19675066e-03 5.57821960e-02 2.88458530e-04 1.96738970e-04
130              4.42170125e-01 -1.32995229e-02 4.26616287e-03 3.86606642e-01 -1.36316898e-02 4.06410177e-03 5.55634831e-02 3.32166881e-04 2.02061099e-04
140              4.42809232e-01 -1.81014298e-02 1.26642425e-02 3.87391533e-01 -1.84823067e-02 1.24366037e-02 5.54176987e-02 3.80876857e-04 2.27638805e-04
150              4.54183141e-01 -1.85154111e-02 6.28201780e-03 3.98784174e-01 -1.89310231e-02 6.05650289e-03 5.53989675e-02 4.15611994e-04 2.25514913e-04
160              4.63139713e-01 -2.04931862e-02 7.42000748e-03 4.07634278e-01 -2.09276754e-02 7.22844287e-03 5.55054347e-02 4.34489272e-04 1.91564615e-04
170              4.76135194e-01 -1.15042927e-02 1.55854380e-02 4.20445544e-01 -1.19313682e-02 1.54187935e-02 5.56896506e-02 4.27075436e-04 1.66644492e-04
180              4.87893240e-01 -2.67561554e-03 1.58390969e-02 4.31840929e-01 -3.11582555e-03 1.57026883e-02 5.60523114e-02 4.40210011e-04 1.36408585e-04
190              4.99156102e-01 1.32182114e-03 1.24207487e-02 4.42508750e-01 8.50705427e-04 1.23097710e-02 5.66473527e-02 4.71115716e-04 1.10977655e-04
200              5.08226851e-01 5.61269402e-04 7.18464448e-03 4.50847371e-01 6.78614190e-05 7.07090777e-03 5.73794798e-02 4.93407983e-04 1.13736711e-04
210              5.08258324e-01 -2.43570952e-04 -1.44997282e-02 4.50105804e-01 -7.29822471e-04 -1.46209580e-02 5.81525204e-02 4.86251520e-04 1.21229763e-04
220              5.01537578e-01 -6.27631415e-03 -4.49151837e-02 4.42732624e-01 -6.72840050e-03 -4.49835288e-02 5.88049538e-02 4.52086348e-04 6.83451008e-05
230              4.93751130e-01 -2.51496400e-02 -6.09375646e-02 4.34531320e-01 -2.55521665e-02 -6.09245348e-02 5.92198101e-02 4.02526557e-04 -1.30298089e-05
240              4.93835450e-01 -4.85621376e-02 -7.33061763e-02 4.34470178e-01 -4.88821437e-02 -7.32786458e-02 5.93652727e-02 3.20006123e-04 -2.75305093e-05
250              5.01683662e-01 -7.12606300e-02 -8.93048515e-02 4.42268263e-01 -7.14491053e-02 -8.93451196e-02 5.94153987e-02 1.88475281e-04 4.02681095e-05
260              5.07396225e-01 -9.41901114e-02 -1.11669155e-01 4.47993503e-01 -9.42617574e-02 -1.11792140e-01 5.94027219e-02 7.16459469e-05 1.22984865e-04
270              5.01117509e-01 -1.21506372e-01 -1.34267726e-01 4.41985376e-01 -1.21468268e-01 -1.34489111e-01 5.91321333e-02 -3.81035815e-05 2.21385483e-04
280              4.88052591e-01 -1.45381105e-01 -1.33843273e-01 4.29477943e-01 -1.45280500e-01 -1.34072390e-01 5.85746479e-02 -1.00605050e-04 2.29117049e-04
290              4.80917905e-01 -1.45386308e-01 -1.19641634e-01 4.23036674e-01 -1.45301042e-01 -1.19881522e-01 5.78812312e-02 -8.52659320e-05 2.39888116e-04
300              4.88905852e-01 -1.32007522e-01 -1.26799295e-01 4.31845416e-01 -1.31901694e-01 -1.27083583e-01 5.70604360e-02 -1.05828807e-04 2.84287836e-04
310              4.98787253e-01 -1.04813474e-01 -1.53126111e-01 4.42572592e-01 -1.04584962e-01 -1.53353114e-01 5.62146607e-02 -2.28511667e-04 2.27002773e-04
320              5.03798186e-01 -8.29424354e-02 -2.00718807e-01 4.48249504e-01 -8.26215368e-02 -2.00858225e-01 5.55486823e-02 -3.20898679e-04 1.39417128e-04
330              5.00644084e-01 -7.84803691e-02 -2.33292112e-01 4.45665767e-01 -7.81405315e-02 -2.33411467e-01 5.49783174e-02 -3.39837648e-04 1.19355666e-04
340              4.92168532e-01 -8.67144076e-02 -2.31059872e-01 4.37844634e-01 -8.63940336e-02 -2.31214425e-01 5.43238983e-02 -3.20374018e-04 1.54552443e-04
350              4.78882293e-01 -1.08253785e-01 -2.40867850e-01 4.25099777e-01 -1.07952620e-01 -2.41082554e-01 5.37825167e-02 -3.01165539e-04 2.14704334e-04
360              4.62470612e-01 -1.31413144e-01 -2.29085878e-01 4.08902072e-01 -1.31139301e-01 -2.29433202e-01 5.35685395e-02 -2.73843183e-04 3.47323753e-04
370              4.57366434e-01 -1.35531101e-01 -1.69510631e-01 4.03887473e-01 -1.35221723e-01 -1.70115992e-01 5.34789607e-02 -3.09377732e-04 6.05361226e-04
380              4.49361177e-01 -1.17415420e-01 -1.24797240e-01 3.95935945e-01 -1.17029929e-01 -1.25634035e-01 5.34252322e-02 -3.85491102e-04 8.36794732e-04
390              4.25714463e-01 -8.34329385e-02 -1.07418215e-01 3.72423869e-01 -8.29651545e-02 -1.08343444e-01 5.32905937e-02 -4.67783996e-04 9.25228699e-04
400              4.17057310e-01 -6.66682507e-02 -1.02712364e-01 3.64221940e-01 -6.61197312e-02 -1.03693415e-01 5.28353706e-02 -5.48519519e-04 9.81051443e-04
410              4.09153926e-01 -6.04238663e-02 -1.16542162e-01 3.56924582e-01 -5.98298682e-02 -1.17597220e-01 5.22293438e-02 -5.93998099e-04 1.05505801e-03
420              4.07183402e-01 -5.78374032e-02 -1.13534529e-01 3.55214845e-01 -5.71670293e-02 -1.14565772e-01 5.19685576e-02 -6.70373928e-04 1.03124333e-03
430              4.01215709e-01 -5.29475560e-02 -7.59299075e-02 3.49148014e-01 -5.21670623e-02 -7.68738469e-02 5.20676952e-02 -7.80493623e-04 9.43939351e-04
440              4.05053820e-01 -6.12446947e-02 -5.14150972e-02 3.52727099e-01 -6.02870425e-02 -5.22115703e-02 5.23267211e-02 -9.57652214e-04 7.96473066e-04
450              4.13385570e-01 -6.60890879e-02 -6.55550118e-02 3.60883484e-01 -6.49765267e-02 -6.62536305e-02 5.25020858e-02 -1.11256114e-03 6.98618607e-04
460              4.13144753e-01 -6.15411158e-02 -1.22976885e-01 3.60633129e-01 -6.03490798e-02 -1.23508910e-01 5.25116240e-02 -1.19203602e-03 5.32024753e-04
470              4.03123012e-01 -7.43923913e-02 -1.71984067e-01 3.50875908e-01 -7.30327148e-02 -1.72222885e-01 5.22471039e-02 -1.35967649e-03 2.38818227e-04
480              3.99276186e-01 -8.82756317e-02 -1.97123511e-01 3.47477319e-01 -8.68064693e-02 -1.97124040e-01 5.17988672e-02 -1.46916235e-03 5.29351249e-07
490              3.99203627e-01 -9.81614222e-02 -1.93104477e-01 3.47837214e-01 -9.66760470e-02 -1.92967337e-01 5.13664131e-02 -1.48537520e-03 -1.37140453e-04
500              3.91019805e-01 -9.94557387e-02 -1.52106842e-01 3.39941118e-01 -9.80178522e-02 -1.52011370e-01 5.10786877e-02 -1.43788653e-03 -9.54721476e-05
510              3.80482875e-01 -8.84884503e-02 -1.01648980e-01 3.29616801e-01 -8.72014657e-02 -1.01725710e-01 5.08660739e-02 -1.28698461e-03 7.67297687e-05
520              3.68850728e-01 -5.57884521e-02 -8.23099543e-02 3.18050407e-01 -5.47214216e-02 -8.25652073e-02 5.08003212e-02 -1.06703046e-03 2.55253010e-04
530              3.62189258e-01 -2.54839080e-02 -9.20075820e-02 3.11287050e-01 -2.45581014e-02 -9.22489997e-02 5.09022074e-02 -9.25806573e-04 2.41417683e-04
540              3.66749718e-01 -6.80854200e-03 -1.04545458e-01 3.15696688e-01 -5.92332177e-03 -1.04610413e-01 5.10530305e-02 -8.85220231e-04 6.49542010e-05
550              3.79621081e-01 -1.18589491e-02 -1.11482118e-01 3.28551022e-01 -1.09495106e-02 -1.11419924e-01 5.10700581e-02 -9.09438550e-04 -6.21940410e-05
560              3.90745714e-01 -1.84617996e-02 -1.37455519e-01 3.39957007e-01 -1.74661466e-02 -1.37337292e-01 5.07887072e-02 -9.95652986e-04 -1.18226124e-04
570              3.96727691e-01 -4.31209521e-02 -1.71561063e-01 3.46292111e-01 -4.20550553e-02 -1.71422212e-01 5.04355792e-02 -1.06589680e-03 -1.38850687e-04
580              4.06060650e-01 -8.28542028e-02 -1.85013156e-01 3.55844783e-01 -8.17441762e-02 -1.84917363e-01 5.02158665e-02 -1.11002658e-03 -9.57923743e-05
590              4.21047367e-01 -1.07723838e-01 -1.80538099e-01 3.70797095e-01 -1.06554202e-01 -1.80492050e-01 5.02502729e-02 -1.16963595e-03 -4.60489429e-05
600              4.27490800e-01 -1.10699908e-01 -1.74242831e-01 3.76913436e-01 -1.09443124e-01 -1.74178787e-01 5.05773646e-02 -1.25678330e-03 -6.40439820e-05
610              4.23338157e-01 -1.11373708e-01 -1.50614187e-01 3.72223011e-01 -1.10035984e-01 -1.50496453e-01 5.11151464e-02 -1.33772477e-03 -1.17734251e-04
620              4.08081183e-01 -9.16657729e-02 -1.35881713e-01 3.56514681e-01 -9.02762818e-02 -1.35874782e-01 5.15665021e-02 -1.38949110e-03 -6.93133249e-06
630              3.96832875e-01 -6.30454930e-02 -1.50909253e-01 3.45066808e-01 -6.17066776e-02 -1.50993844e-01 5.17660665e-02 -1.33881540e-03 8.45914170e-05
640              4.07625721e-01 -6.30950844e-02 -1.69368268e-01 3.55871963e-01 -6.18595947e-02 -1.69551221e-01 5.17537583e-02 -1.23548967e-03 1.82952825e-04
650              4.26737660e-01 -7.03042206e-02 -1.74032965e-01 3.74805297e-01 -6.91452792e-02 -1.74288515e-01 5.19323624e-02 -1.15894148e-03 2.55550889e-04
660              4.39400290e-01 -8.33838793e-02 -2.00443397e-01 3.87027051e-01 -8.22806049e-02 -2.00750652e-01 5.23732384e-02 -1.10327443e-03 3.07254958e-04
670              4.42614137e-01 -9.40480259e-02 -2.38194023e-01 3.89673611e-01 -9.30324903e-02 -2.38570553e-01 5.29405257e-02 -1.01553564e-03 3.76529609e-04
680              4.48304922e-01 -8.17751979e-02 -2.52847745e-01 3.94839100e-01 -8.08686802e-02 -2.53254182e-01 5.34658218e-02 -9.06517754e-04 4.06436644e-04
690              4.48865123e-01 -5.62881534e-02 -2.39524059e-01 3.95085030e-01 -5.55243032e-02 -2.39922752e-01 5.37800923e-02 -7.63850194e-04 3.98692970e-04
700              4.41323603e-01 -5.15069408e-02 -2.07313059e-01 3.87601618e-01 -5.09021174e-02 -2.07735446e-01 5.37219849e-02 -6.04823434e-04 4.22386841e-04
710              4.38670151e-01 -5.85153634e-02 -1.66249832e-01 3.85371500e-01 -5.80056891e-02 -1.66728478e-01 5.32986510e-02 -5.09674246e-04 4.78645841e-04
720              4.37208186e-01 -7.28180061e-02 -1.56050553e-01 3.84238116e-01 -7.23794537e-02 -1.56598511e-01 5.29700703e-02 -4.38552459e-04 5.47958341e-04
730              4.32309788e-01 -1.06750838e-01 -1.80263063e-01 3.79434434e-01 -1.06376814e-01 -1.80853885e-01 5.28753540e-02 -3.74024126e-04 5.90822344e-04
740              4.30196011e-01 -1.60802353e-01 -2.40075190e-01 3.77118301e-01 -1.60448369e-01 -2.40637573e-01 5.30777102e-02 -3.53983276e-04 5.62383368e-04
750              4.25969755e-01 -2.03918264e-01 -3.05826016e-01 3.72730030e-01 -2.03520455e-01 -3.06264409e-01 5.32397249e-02 -3.97808945e-04 4.38392391e-04
760              4.20145600e-01 -2.06889495e-01 -3.33603411e-01 3.66968585e-01 -2.06495668e-01 -3.33872071e-01 5.31770146e-02 -3.93826985e-04 2.68660742e-04
770              4.28544513e-01 -2.02228940e-01 -3.05669246e-01 3.75516761e-01 -2.01896610e-01 -3.05882605e-01 5.30277522e-02 -3.32329772e-04 2.13358096e-04
780              4.44744609e-01 -1.96493551e-01 -2.64587143e-01 3.91651100e-01 -1.96159018e-01 -2.64838365e-01 5.30935085e-02 -3.34532836e-04 2.51221878e-04
790              4.55303467e-01 -1.73241505e-01 -2.47330628e-01 4.02012064e-01 -1.72761616e-01 -2.47709177e-01 5.32914036e-02 -4.79889487e-04 3.78548393e-04
800              4.55751395e-01 -1.56887818e-01 -2.61532047e-01 4.02236197e-01 -1.56243229e-01 -2.62046578e-01 5.35151978e-02 -6.44588849e-04 5.14530145e-04
810              4.58534928e-01 -1.81234209e-01 -2.70022952e-01 4.04768881e-01 -1.80434116e-01 -2.70579094e-01 5.37660462e-02 -8.00092423e-04 5.56141784e-04
820              4.59519016e-01 -2.12607894e-01 -2.57214782e-01 4.05803325e-01 -2.11611460e-01 -2.57747427e-01 5.37156917e-02 -9.96433802e-04 5.32644999e-04
830              4.54934105e-01 -2.20707818e-01 -2.41235804e-01 4.01548215e-01 -2.19525116e-01 -2.41789823e-01 5.33858908e-02 -1.18270229e-03 5.54019343e-04
840              4.51744033e-01 -2.28363641e-01 -2.47134492e-01 3.98683374e-01 -2.27009416e-01 -2.47709008e-01 5.30606585e-02 -1.35422466e-03 5.74516853e-04
850              4.45936821e-01 -2.38144819e-01 -2.78495595e-01 3.93197747e-01 -2.36680392e-01 -2.79020977e-01 5.27390733e-02 -1.46442743e-03 5.25382108e-04
860              4.44499898e-01 -2.42234602e-01 -2.98783231e-01 3.91696105e-01 -2.40841193e-01 -2.99289647e-01 5.28037928e-02 -1.39340993e-03 5.06415667e-04
870              4.36554408e-01 -2.35920937e-01 -2.90682450e-01 3.83627313e-01 -2.34722197e-01 -2.91254456e-01 5.29270948e-02 -1.19874065e-03 5.72005488e-04
880              4.29047497e-01 -2.22112170e-01 -2.43420892e-01 3.75967408e-01 -2.21113627e-01 -2.44129368e-01 5.30800890e-02 -9.98543208e-04 7.08475475e-04
890              4.20345535e-01 -2.21201640e-01 -1.97328836e-01 3.67157435e-01 -2.20319585e-01 -1.98202436e-01 5.31881009e-02 -8.82055535e-04 8.73599380e-04
900              4.17011708e-01 -2.28917474e-01 -1.58170591e-01 3.63758226e-01 -2.28043966e-01 -1.59245733e-01 5.32534819e-02 -8.73507390e-04 1.07514210e-03
910              4.04575963e-01 -2.25047411e-01 -1.36034676e-01 3.51268971e-01 -2.24133732e-01 -1.37215819e-01 5.33069925e-02 -9.13679034e-04 1.18114266e-03
920              3.84821437e-01 -1.98919383e-01 -1.42295857e-01 3.31372537e-01 -1.98029916e-01 -1.43409495e-01 5.34489003e-02 -8.89467184e-04 1.11363807e-03
930              3.79428222e-01 -1.74408184e-01 -1.64328714e-01 3.25780391e-01 -1.73601990e-01 -1.65290077e-01 5.36478308e-02 -8.06194426e-04 9.61363172e-04
940              3.91250015e-01 -1.46367726e-01 -1.91803512e-01 3.37320220e-01 -1.45671637e-01 -1.92582822e-01 5.39297957e-02 -6.96088954e-04 7.79310190e-04
950              4.21077041e-01 -1.03736720e-01 -1.95439107e-01 3.66795234e-01 -1.03208109e-01 -1.96140636e-01 5.42818070e-02 -5.28610959e-04 7.01529283e-04
960              4.54792990e-01 -9.89928123e-02 -1.74466868e-01 4.00287703e-01 -9.85966217e-02 -1.75142551e-01 5.45052870e-02 -3.96190548e-04 6.75683012e-04
970              4.73659156e-01 -1.47757709e-01 -1.65034113e-01 4.18963890e-01 -1.47369222e-01 -1.65616574e-01 5.46952664e-02 -3.88487043e-04 5.82461740e-04
980              4.96586356e-01 -1.79779301e-01 -1.77561030e-01 4.41768922e-01 -1.79354513e-01 -1.78074022e-01 5.48174335e-02 -4.24788224e-04 5.12991857e-04
990              5.14103294e-01 -1.75654768e-01 -2.03980088e-01 4.59300097e-01 -1.75209589e-01 -2.04432508e-01 5.48031969e-02 -4.45179967e-04 4.52420567e-04
1000             5.18564338e-01 -1.50668232e-01 -2.07947956e-01 4.63730577e-01 -1.50141716e-01 -2.08355603e-01 5.48337611e-02 -5.26515831e-04 4.07647077e-04
1010             5.01399363e-01 -1.12117117e-01 -2.33766845e-01 4.46650443e-01 -1.11557706e-01 -2.34208425e-01 5.47489201e-02 -5.59411491e-04 4.41580128e-04
1020             4.69505422e-01 -7.55688586e-02 -2.60516515e-01 4.15186802e-01 -7.51061742e-02 -2.60998273e-01 5.43186203e-02 -4.62684336e-04 4.81758347e-04
1030             4.28435260e-01 -6.20131248e-02 -2.62681914e-01 3.74800149e-01 -6.16658693e-02 -2.63304489e-01 5.36351110e-02 -3.47255496e-04 6.22574147e-04
1040             4.04502509e-01 -6.59918235e-02 -2.13003572e-01 3.51482509e-01 -6.57470304e-02 -2.13688380e-01 5.30199996e-02 -2.44793164e-04 6.84807898e-04
1050             4.09584867e-01 -7.73497958e-02 -1.62484309e-01 3.57075676e-01 -7.71531635e-02 -1.63165621e-01 5.25091906e-02 -1.96632293e-04 6.81312405e-04
1060             4.19627913e-01 -8.91837669e-02 -1.54992451e-01 3.67362909e-01 -8.89308917e-02 -1.55662031e-01 5.22650043e-02 -2.52875204e-04 6.69580456e-04
1070             4.25769139e-01 -1.20387989e-01 -1.82621794e-01 3.73485909e-01 -1.19965159e-01 -1.83171539e-01 5.22832296e-02 -4.22830036e-04 5.49745436e-04
1080             4.31877305e-01 -1.39262754e-01 -2.19017990e-01 3.79369453e-01 -1.38672276e-01 -2.19357981e-01 5.25078526e-02 -5.90478125e-04 3.39990700e-04
1090             4.31232771e-01 -1.50966519e-01 -2.04830891e-01 3.78411068e-01 -1.50323171e-01 -2.05095280e-01 5.28217034e-02 -6.43347938e-04 2.64388939e-04
1100             4.15421022e-01 -1.45344703e-01 -1.79249758e-01 3.62230903e-01 -1.44663766e-01 -1.79573273e-01 5.31901187e-02 -6.80936268e-04 3.23515158e-04
1110             3.92025434e-01 -1.17728578e-01 -1.24597237e-01 3.38610003e-01 -1.16975884e-01 -1.24992091e-01 5.34154308e-02 -7.52694181e-04 3.94854287e-04
1120             3.78086690e-01 -9.55210448e-02 -7.09747123e-02 3.24561180e-01 -9.47027764e-02 -7.15133607e-02 5.35255103e-02 -8.18268382e-04 5.38648445e-04
1130             3.74893894e-01 -8.53268873e-02 -4.65828715e-02 3.21674354e-01 -8.44486110e-02 -4.72542340e-02 5.32195402e-02 -8.78276303e-04 6.71362544e-04
1140             3.81272246e-01 -7.60254499e-02 -2.89798624e-02 3.28268605e-01 -7.50792180e-02 -2.96996945e-02 5.30036409e-02 -9.46231923e-04 7.19832111e-04
1150             3.78283782e-01 -6.52157428e-02 -1.54561653e-02 3.25505882e-01 -6.42154622e-02 -1.61947835e-02 5.27778995e-02 -1.00028055e-03 7.38618223e-04
1160             3.74764164e-01 -6.49149013e-02 -9.63555570e-03 3.22479973e-01 -6.38270312e-02 -1.04208319e-02 5.22841912e-02 -1.08787013e-03 7.85276188e-04
1170             3.81773812e-01 -7.38666111e-02 6.00086007e-03 3.30000966e-01 -7.26296707e-02 5.09189253e-03 5.17728462e-02 -1.23694039e-03 9.08967541e-04
1180             3.89465115e-01 -1.03800774e-01 -8.52936357e-03 3.37962312e-01 -1.02428739e-01 -9.54055266e-03 5.15028029e-02 -1.37203556e-03 1.01118909e-03
1190             3.90337627e-01 -1.09181418e-01 -6.36196487e-02 3.38898330e-01 -1.07736818e-01 -6.46078762e-02 5.14392964e-02 -1.44460019e-03 9.88227476e-04
1200             3.95790149e-01 -1.12197339e-01 -1.04507942e-01 3.44375829e-01 -1.10757925e-01 -1.05421772e-01 5.14143196e-02 -1.43941356e-03 9.13830113e-04
1210             4.09392780e-01 -1.21312041e-01 -1.19798110e-01 3.58100233e-01 -1.19934499e-01 -1.20684931e-01 5.12925469e-02 -1.37754190e-03 8.86820547e-04
1220             4.21883538e-01 -1.41590223e-01 -1.22428741e-01 3.70831073e-01 -1.40294110e-01 -1.23274815e-01 5.10524645e-02 -1.29611312e-03 8.46074675e-04
1230             4.31849808e-01 -1.71488247e-01 -1.18522887e-01 3.80994471e-01 -1.70236503e-01 -1.19224010e-01 5.08553366e-02 -1.25174417e-03 7.01122469e-04
1240             4.32877470e-01 -1.96407414e-01 -1.26354263e-01 3.82009386e-01 -1.95182186e-01 -1.26869491e-01 5.08680847e-02 -1.22522841e-03 5.15227717e-04
1250             4.21302437e-01 -2.02679558e-01 -1.30363331e-01 3.70388681e-01 -2.01507175e-01 -1.30834732e-01 5.09137564e-02 -1.17238236e-03 4.71401141e-04
1260             4.08555441e-01 -1.94019260e-01 -1.31844574e-01 3.57631644e-01 -1.92961824e-01 -1.32317436e-01 5.09237966e-02 -1.05743599e-03 4.72862395e-04
1270             3.94895866e-01 -1.68728629e-01 -1.29819915e-01 3.43875636e-01 -1.67758654e-01 -1.30357276e-01 5.10202302e-02 -9.69974700e-04 5.37361336e-04
1280             3.89089260e-01 -1.39298282e-01 -1.24654391e-01 3.37919018e-01 -1.38417444e-01 -1.25313207e-01 5.11702419e-02 -8.80838077e-04 6.58816508e-04
1290             3.91613666e-01 -1.22746050e-01 -1.16064752e-01 3.40264194e-01 -1.21915562e-01 -1.16843411e-01 5.13494722e-02 -8.30488103e-04 7.78659495e-04
1300             4.03476853e-01 -9.36303928e-02 -1.00063918e-01 3.52087778e-01 -9.27918396e-02 -1.01058197e-01 5.13890743e-02 -8.38553261e-04 9.94278705e-04
1310             4.13022339e-01 -6.21023100e-02 -1.03318481e-01 3.61691456e-01 -6.12595423e-02 -1.04493756e-01 5.13308835e-02 -8.42767707e-04 1.17527499e-03
1320             4.14460191e-01 -4.32231020e-02 -1.18561943e-01 3.63167886e-01 -4.24276786e-02 -1.19793723e-01 5.12923044e-02 -7.95423437e-04 1.23178044e-03
1330             4.17519869e-01 -4.83108033e-02 -1.33357461e-01 3.66053586e-01 -4.75432044e-02 -1.34504253e-01 5.14662835e-02 -7.67598896e-04 1.14679145e-03
1340             4.21140123e-01 -7.73217431e-02 -1.25380637e-01 3.69282519e-01 -7.65185936e-02 -1.26351426e-01 5.18576044e-02 -8.03149458e-04 9.70789270e-04
1350             4.15628981e-01 -9.81738676e-02 -1.13974449e-01 3.63362933e-01 -9.73025338e-02 -1.14788257e-01 5.22660481e-02 -8.71333852e-04 8.13808135e-04
1360             3.92902249e-01 -9.62169849e-02 -1.34848818e-01 3.40490659e-01 -9.52785436e-02 -1.35516138e-01 5.24115900e-02 -9.38441248e-04 6.67320300e-04
1370             3.83685040e-01 -8.71238452e-02 -1.78417659e-01 3.31354064e-01 -8.61418417e-02 -1.78916156e-01 5.23309765e-02 -9.82003555e-04 4.98497045e-04
1380             3.83467584e-01 -7.15346337e-02 -2.27555960e-01 3.31334842e-01 -7.05507305e-02 -2.27878366e-01 5.21327413e-02 -9.83903203e-04 3.22405746e-04
1390             3.79712345e-01 -5.20635065e-02 -2.72245787e-01 3.27863073e-01 -5.10791860e-02 -2.72437225e-01 5.18492724e-02 -9.84320507e-04 1.91438182e-04
1400             3.75868022e-01 -3.39858620e-02 -3.13689923e-01 3.24374796e-01 -3.30251470e-02 -3.13802671e-01 5.14932262e-02 -9.60715068e-04 1.12747930e-04
1410             3.82587108e-01 -3.25155168e-02 -3.11477369e-01 3.31528216e-01 -3.16014903e-02 -3.11625185e-01 5.10588920e-02 -9.14026529e-04 1.47816042e-04
1420             3.83501376e-01 -2.77480792e-02 -2.86756496e-01 3.32747808e-01 -2.68030302e-02 -2.87076342e-01 5.07535677e-02 -9.45048966e-04 3.19846357e-04
1430             3.89432810e-01 -1.40997042e-02 -2.79710141e-01 3.38749214e-01 -1.30839565e-02 -2.80345115e-01 5.06835956e-02 -1.01574767e-03 6.34973840e-04
1440             4.02002180e-01 -2.63456272e-02 -2.81287478e-01 3.51216744e-01 -2.52969455e-02 -2.82080800e-01 5.07854358e-02 -1.04868177e-03 7.93321544e-04
1450             4.22250626e-01 -6.75506837e-02 -2.59156059e-01 3.71094056e-01 -6.64290524e-02 -2.59952828e-01 5.11565699e-02 -1.12163128e-03 7.96769237e-04
1460             4.26784092e-01 -1.00041681e-01 -2.50361106e-01 3.75319888e-01 -9.88112697e-02 -2.51121754e-01 5.14642035e-02 -1.23041153e-03 7.60648174e-04
1470             4.26576053e-01 -1.13584994e-01 -2.83815481e-01 3.74820336e-01 -1.12269973e-01 -2.84529235e-01 5.17557169e-02 -1.31502149e-03 7.13753941e-04
1480             4.29940112e-01 -1.30826107e-01 -3.13854544e-01 3.77887441e-01 -1.29506962e-01 -3.14457227e-01 5.20526704e-02 -1.31914586e-03 6.02683480e-04
1490             4.34198441e-01 -1.56418924e-01 -2.93296435e-01 3.81719205e-01 -1.55175796e-01 -2.93924167e-01 5.24792362e-02 -1.24312789e-03 6.27731814e-04
1500             4.41601808e-01 -1.79710661e-01 -2.51612107e-01 3.88613968e-01 -1.78416812e-01 -2.52288498e-01 5.29878399e-02 -1.29384969e-03 6.76390762e-04
1510             4.48814855e-01 -1.96362196e-01 -2.16293018e-01 3.95371613e-01 -1.94917864e-01 -2.16999721e-01 5.34432413e-02 -1.44433153e-03 7.06702637e-04
1520             4.46056288e-01 -2.00667914e-01 -1.92552922e-01 3.92263588e-01 -1.99084672e-01 -1.93274286e-01 5.37927000e-02 -1.58324206e-03 7.21364839e-04
1530             4.37374888e-01 -2.02734773e-01 -2.06611520e-01 3.83405723e-01 -2.01061536e-01 -2.07263661e-01 5.39691650e-02 -1.67323733e-03 6.52140453e-04
1540             4.23609440e-01 -2.08627222e-01 -2.30288896e-01 3.69653371e-01 -2.06922034e-01 -2.30760872e-01 5.39560687e-02 -1.70518875e-03 4.71976068e-04
1550             4.12835679e-01 -2.18221190e-01 -2.43618099e-01 3.59198156e-01 -2.16560117e-01 -2.43861923e-01 5.36375226e-02 -1.66107308e-03 2.43823621e-04
1560             4.09376945e-01 -2.05105989e-01 -2.40809131e-01 3.56381413e-01 -2.03565898e-01 -2.40867833e-01 5.29955317e-02 -1.54009113e-03 5.87022266e-05
1570             3.97655173e-01 -1.65587161e-01 -2.14976696e-01 3.45664637e-01 -1.64173440e-01 -2.14985801e-01 5.19905366e-02 -1.41372157e-03 9.10478728e-06
1580             3.65399029e-01 -1.28278863e-01 -1.76748540e-01 3.14789089e-01 -1.26972699e-01 -1.76913908e-01 5.06099402e-02 -1.30616420e-03 1.65367498e-04
1590             3.30648462e-01 -9.11223263e-02 -1.44169816e-01 2.80894001e-01 -8.98825373e-02 -1.44521796e-01 4.97544601e-02 -1.23978900e-03 3.51979089e-04
1600             3.18796060e-01 -8.49398647e-02 -1.42494252e-01 2.69327980e-01 -8.37026599e-02 -1.42958553e-01 4.94680801e-02 -1.23720481e-03 4.64300961e-04
1610             3.24423452e-01 -1.20031029e-01 -1.47459227e-01 2.74762406e-01 -1.18786791e-01 -1.47896232e-01 4.96610451e-02 -1.24423756e-03 4.37005000e-04
1620             3.36099010e-01 -1.46386281e-01 -1.51369596e-01 2.85981728e-01 -1.45149424e-01 -1.51768229e-01 5.01172824e-02 -1.23685746e-03 3.98633577e-04
1630             3.66039569e-01 -1.67907583e-01 -1.39894333e-01 3.15399131e-01 -1.66680693e-01 -1.40279057e-01 5.06404383e-02 -1.22689070e-03 3.84724433e-04
1640             4.10254897e-01 -1.91595196e-01 -1.21296664e-01 3.59322975e-01 -1.90427899e-01 -1.21715314e-01 5.09319225e-02 -1.16729684e-03 4.18650055e-04
1650             4.48418163e-01 -2.04103626e-01 -9.77627668e-02 3.97203721e-01 -2.03103628e-01 -9.81419689e-02 5.12144415e-02 -9.99998706e-04 3.79202116e-04
1660             4.58685765e-01 -1.99106696e-01 -1.17681446e-01 4.07017561e-01 -1.98321687e-01 -1.17974323e-01 5.16682047e-02 -7.85009134e-04 2.92876055e-04
1670             4.56797588e-01 -1.83232825e-01 -1.45230292e-01 4.04822605e-01 -1.82586803e-01 -1.45472273e-01 5.19749838e-02 -6.46022519e-04 2.41980695e-04
1680             4.54528658e-01 -1.83815576e-01 -1.34605327e-01 4.02460208e-01 -1.83213008e-01 -1.34906350e-01 5.20684501e-02 -6.02567647e-04 3.01022354e-04
1690             4.47998145e-01 -1.64567891e-01 -1.27351062e-01 3.95888859e-01 -1.63968815e-01 -1.27724880e-01 5.21092856e-02 -5.99075781e-04 3.73818324e-04
1700             4.41561789e-01 -1.14396936e-01 -7.80628280e-02 3.89442197e-01 -1.13846564e-01 -7.85731563e-02 5.21195919e-02 -5.50371983e-04 5.10328316e-04
1710             4.42764310e-01 -6.46069880e-02 -3.50365677e-02 3.90393029e-01 -6.41635844e-02 -3.57500579e-02 5.23712801e-02 -4.43403633e-04 7.13490206e-04
1720             4.41026290e-01 -2.65652904e-02 -5.83100710e-02 3.88273844e-01 -2.62398416e-02 -5.91633089e-02 5.27524462e-02 -3.25448767e-04 8.53237900e-04
1730             4.29061313e-01 -3.26107663e-03 -1.13176606e-01 3.76170956e-01 -3.06074999e-03 -1.14055738e-01 5.28903577e-02 -2.00326645e-04 8.79132196e-04
1740             4.09824115e-01 -2.88997563e-02 -1.61757470e-01 3.57091993e-01 -2.87387442e-02 -1.62621303e-01 5.27321219e-02 -1.61012097e-04 8.63833331e-04
1750             3.78551717e-01 -1.07692079e-01 -1.95968125e-01 3.26134060e-01 -1.07385183e-01 -1.96856796e-01 5.24176567e-02 -3.06896386e-04 8.88671364e-04
1760             3.47281178e-01 -1.64423454e-01 -2.44563805e-01 2.95358816e-01 -1.63898310e-01 -2.45370301e-01 5.19223623e-02 -5.25144336e-04 8.06495631e-04
1770             3.53563031e-01 -1.76340019e-01 -2.63276941e-01 3.02219179e-01 -1.75651159e-01 -2.63972306e-01 5.13438520e-02 -6.88860108e-04 6.95365294e-04
1780             3.74375305e-01 -1.41700853e-01 -2.25095218e-01 3.23521451e-01 -1.40968137e-01 -2.25805356e-01 5.08538541e-02 -7.32716461e-04 7.10137525e-04
1790             3.85205848e-01 -1.03353629e-01 -1.88733029e-01 3.34475417e-01 -1.02615221e-01 -1.89477699e-01 5.07304316e-02 -7.38407753e-04 7.44669614e-04
1800             3.96209705e-01 -7.63109882e-02 -1.80942481e-01 3.45180280e-01 -7.55955936e-02 -1.81745288e-01 5.10294251e-02 -7.15394572e-04 8.02806800e-04
1810             4.07492656e-01 -5.02281569e-02 -1.86667807e-01 3.55939739e-01 -4.95349249e-02 -1.87523451e-01 5.15529162e-02 -6.93231994e-04 8.55644285e-04
1820             4.16486961e-01 -4.09179238e-02 -1.77447059e-01 3.64522006e-01 -4.02094689e-02 -1.78376482e-01 5.19649546e-02 -7.08454811e-04 9.29422794e-04
1830             4.25578133e-01 -5.86705063e-02 -1.52092291e-01 3.73375521e-01 -5.79637126e-02 -1.53098300e-01 5.22026115e-02 -7.06793765e-04 1.00600915e-03
1840             4.33585492e-01 -8.30160472e-02 -1.32731912e-01 3.81320231e-01 -8.22924562e-02 -1.33730361e-01 5.22652611e-02 -7.23591043e-04 9.98449405e-04
1850             4.33402819e-01 -1.04921833e-01 -1.26142959e-01 3.81040465e-01 -1.04129116e-01 -1.27098060e-01 5.23623543e-02 -7.92717300e-04 9.55100967e-04
1860             4.33676655e-01 -1.19312135e-01 -1.32751697e-01 3.81252275e-01 -1.18391097e-01 -1.33645978e-01 5.24243800e-02 -9.21038126e-04 8.94280718e-04
1870             4.26793687e-01 -1.17710767e-01 -1.49960717e-01 3.74406419e-01 -1.16655726e-01 -1.50793069e-01 5.23872678e-02 -1.05504118e-03 8.32352493e-04
1880             4.11943138e-01 -1.18555903e-01 -1.51263829e-01 3.59633160e-01 -1.17420336e-01 -1.52050936e-01 5.23099781e-02 -1.13556648e-03 7.87106751e-04
1890             3.94689182e-01 -1.28763160e-01 -1.53520601e-01 3.42520499e-01 -1.27661220e-01 -1.54261120e-01 5.21686823e-02 -1.10193990e-03 7.40519166e-04
1900             3.78801211e-01 -1.50821128e-01 -1.77411589e-01 3.26851600e-01 -1.49772232e-01 -1.78109721e-01 5.19496115e-02 -1.04889640e-03 6.98132381e-04
1910             3.67051384e-01 -1.61624812e-01 -2.00570823e-01 3.15281099e-01 -1.60541442e-01 -2.01241540e-01 5.17702851e-02 -1.08336974e-03 6.70716968e-04
1920             3.60396077e-01 -1.64973250e-01 -1.85622806e-01 3.08731807e-01 -1.63843184e-01 -1.86264848e-01 5.16642696e-02 -1.13006591e-03 6.42042905e-04
1930             3.55312897e-01 -1.68122437e-01 -1.60073662e-01 3.03618714e-01 -1.67009724e-01 -1.60653638e-01 5.16941827e-02 -1.11271226e-03 5.79976183e-04
1940             3.56239557e-01 -1.70929181e-01 -1.38430360e-01 3.04354757e-01 -1.69847100e-01 -1.38970195e-01 5.18847998e-02 -1.08208081e-03 5.39834547e-04
1950             3.68581198e-01 -1.80914537e-01 -1.13219667e-01 3.16411820e-01 -1.79857248e-01 -1.13743890e-01 5.21693773e-02 -1.05728916e-03 5.24222864e-04
1960             3.81058632e-01 -1.68057021e-01 -1.09351928e-01 3.28680558e-01 -1.66971023e-01 -1.09861228e-01 5.23780738e-02 -1.08599798e-03 5.09300161e-04
1970             3.84104357e-01 -1.12721210e-01 -1.39508047e-01 3.31535312e-01 -1.11645448e-01 -1.39946036e-01 5.25690454e-02 -1.07576185e-03 4.37989083e-04
1980             3.87646860e-01 -6.31624743e-02 -1.53263126e-01 3.34839379e-01 -6.21953973e-02 -1.53584089e-01 5.28074816e-02 -9.67076934e-04 3.20962810e-04
1990             3.95985044e-01 -4.86531376e-02 -1.41004749e-01 3.42844589e-01 -4.77637956e-02 -1.41266074e-01 5.31404553e-02 -8.89342019e-04 2.61324625e-04
2000             4.05599235e-01 -5.71690164e-02 -1.24842447e-01 3.52225987e-01 -5.62470877e-02 -1.25095888e-01 5.33732480e-02 -9.21928683e-04 2.53441383e-04
2010             4.11869332e-01 -4.07321282e-02 -1.40941026e-01 3.58342793e-01 -3.97410334e-02 -1.41218487e-01 5.35265383e-02 -9.91094734e-04 2.77460417e-04
2020             4.15207758e-01 -3.18831266e-02 -1.59756500e-01 3.61723946e-01 -3.07781727e-02 -1.60117164e-01 5.34838116e-02 -1.10495389e-03 3.60664741e-04
2030             4.12196589e-01 -3.57967739e-02 -1.60040360e-01 3.59037199e-01 -3.44966868e-02 -1.60492414e-01 5.31593901e-02 -1.30008713e-03 4.52053233e-04
2040             3.97734984e-01 -6.05351704e-02 -1.65839890e-01 3.45031641e-01 -5.90399767e-02 -1.66347255e-01 5.27033428e-02 -1.49519367e-03 5.07365217e-04
2050             3.81413588e-01 -1.02262638e-01 -2.01502206e-01 3.29116732e-01 -1.00622044e-01 -2.01991983e-01 5.22968552e-02 -1.64059385e-03 4.89776820e-04
2060             3.75889921e-01 -1.36532965e-01 -2.26858907e-01 3.23928534e-01 -1.34791269e-01 -2.27285986e-01 5.19613877e-02 -1.74169583e-03 4.27079143e-04
2070             3.79885817e-01 -1.63346788e-01 -2.52410053e-01 3.28214401e-01 -1.61574151e-01 -2.52815912e-01 5.16714159e-02 -1.77263665e-03 4.05859831e-04
2080             3.81151630e-01 -1.70973140e-01 -2.81181221e-01 3.29487923e-01 -1.69278612e-01 -2.81673879e-01 5.16637068e-02 -1.69452709e-03 4.92658027e-04
2090             3.84312892e-01 -1.86084789e-01 -2.58661700e-01 3.32481298e-01 -1.84514106e-01 -2.59316665e-01 5.18315948e-02 -1.57068227e-03 6.54964762e-04
2100             3.98128496e-01 -1.81951067e-01 -2.09017632e-01 3.46381533e-01 -1.80539355e-01 -2.09863380e-01 5.17469631e-02 -1.41171195e-03 8.45748207e-04
2110             4.23102802e-01 -1.57252497e-01 -1.77230370e-01 3.71523434e-01 -1.55988195e-01 -1.78244040e-01 5.15793681e-02 -1.26430256e-03 1.01366989e-03
2120             4.44387157e-01 -1.55528544e-01 -1.37411622e-01 3.92704744e-01 -1.54366641e-01 -1.38513500e-01 5.16824135e-02 -1.16190299e-03 1.10187788e-03
2130             4.57420870e-01 -1.64122202e-01 -9.19340104e-02 4.05420302e-01 -1.62999407e-01 -9.30060316e-02 5.20005689e-02 -1.12279579e-03 1.07202118e-03
2140             4.62316831e-01 -1.42057224e-01 -8.57568425e-02 4.09970324e-01 -1.41009008e-01 -8.67580968e-02 5.23465070e-02 -1.04821615e-03 1.00125435e-03
2150             4.49536773e-01 -1.18218828e-01 -1.33257295e-01 3.96921989e-01 -1.17342800e-01 -1.34135785e-01 5.26147846e-02 -8.76028181e-04 8.78490455e-04
2160             4.27531908e-01 -1.08563711e-01 -2.04993399e-01 3.74893183e-01 -1.07884547e-01 -2.05718383e-01 5.26387248e-02 -6.79163602e-04 7.24984513e-04
2170             4.01286624e-01 -1.09991190e-01 -2.61333461e-01 3.48919118e-01 -1.09486802e-01 -2.62016526e-01 5.23675056e-02 -5.04387867e-04 6.83064869e-04
2180             3.82706882e-01 -1.19644171e-01 -2.85002594e-01 3.30401748e-01 -1.19221376e-01 -2.85683652e-01 5.23051343e-02 -4.22795048e-04 6.81058181e-04
2190             3.79888620e-01 -1.31679800e-01 -2.37037216e-01 3.27578901e-01 -1.31227002e-01 -2.37667141e-01 5.23097193e-02 -4.52797688e-04 6.29925312e-04
2200             3.77954375e-01 -1.16226335e-01 -1.62251848e-01 3.25628144e-01 -1.15693762e-01 -1.62906836e-01 5.23262305e-02 -5.32573908e-04 6.54988092e-04
2210             3.53849849e-01 -7.55771580e-02 -1.45229220e-01 3.01407248e-01 -7.49787914e-02 -1.45899747e-01 5.24426011e-02 -5.98366592e-04 6.70526776e-04
2220             3.34208996e-01 -5.79628728e-02 -1.61026086e-01 2.81653988e-01 -5.73033564e-02 -1.61686273e-01 5.25550083e-02 -6.59516475e-04 6.60186766e-04
2230             3.33565551e-01 -5.60553583e-02 -1.44551756e-01 2.81106303e-01 -5.53599871e-02 -1.45170127e-01 5.24592481e-02 -6.95371233e-04 6.18370832e-04
2240             3.58620358e-01 -5.69589481e-02 -1.13106532e-01 3.06404269e-01 -5.62618703e-02 -1.13694620e-01 5.22160893e-02 -6.97077768e-04 5.88087495e-04
2250             3.91240511e-01 -5.02645809e-02 -9.13941938e-02 3.39188505e-01 -4.95653249e-02 -9.19540681e-02 5.20520059e-02 -6.99256010e-04 5.59874311e-04
2260             4.00941050e-01 -2.25482090e-02 -1.11842772e-01 3.49065629e-01 -2.18185058e-02 -1.12385544e-01 5.18754212e-02 -7.29703195e-04 5.42771950e-04
2270             4.06940794e-01 -9.80590455e-03 -1.33495258e-01 3.55119135e-01 -8.97925911e-03 -1.34060416e-01 5.18216585e-02 -8.26645439e-04 5.65158610e-04
2280             4.09656815e-01 -6.87841024e-03 -1.29578613e-01 3.57696105e-01 -5.88017935e-03 -1.30192978e-01 5.19607093e-02 -9.98230895e-04 6.14365434e-04
2290             4.16816729e-01 -1.88593032e-02 -1.30504841e-01 3.64622065e-01 -1.76396530e-02 -1.31143112e-01 5.21946639e-02 -1.21965020e-03 6.38270806e-04
2300             4.29402768e-01 -4.11773461e-02 -1.63810073e-01 3.76968285e-01 -3.97286512e-02 -1.64431855e-01 5.24344832e-02 -1.44869489e-03 6.21781280e-04
2310             4.50192441e-01 -8.12132905e-02 -1.82741623e-01 3.97509784e-01 -7.96275660e-02 -1.83337252e-01 5.26826561e-02 -1.58572447e-03 5.95628839e-04
2320             4.62899476e-01 -1.06586294e-01 -1.82957138e-01 4.09984165e-01 -1.04948260e-01 -1.83544042e-01 5.29153107e-02 -1.63803316e-03 5.86904072e-04
2330             4.63075685e-01 -1.29005700e-01 -1.88257901e-01 4.10060071e-01 -1.27343017e-01 -1.88741837e-01 5.30156144e-02 -1.66268336e-03 4.83935563e-04
2340             4.62695294e-01 -1.45160993e-01 -2.12905710e-01 4.09880169e-01 -1.43581637e-01 -2.13353444e-01 5.28151251e-02 -1.57935661e-03 4.47733452e-04
2350             4.57138951e-01 -1.65552564e-01 -2.56654014e-01 4.04653734e-01 -1.64151098e-01 -2.57109181e-01 5.24852172e-02 -1.40146668e-03 4.55167212e-04
2360             4.44976013e-01 -1.82572237e-01 -2.63886402e-01 3.92716704e-01 -1.81330667e-01 -2.64332507e-01 5.22593091e-02 -1.24156927e-03 4.46104377e-04
2370             4.33498589e-01 -1.87578353e-01 -2.38795920e-01 3.81465253e-01 -1.86457877e-01 -2.39263939e-01 5.20333357e-02 -1.12047599e-03 4.68018992e-04
2380             4.15808555e-01 -1.74795150e-01 -2.13065881e-01 3.64114203e-01 -1.73789829e-01 -2.13734651e-01 5.16943515e-02 -1.00532054e-03 6.68769859e-04
2390             3.96515703e-01 -1.48164613e-01 -2.14080176e-01 3.45091058e-01 -1.47320530e-01 -2.14991554e-01 5.14246448e-02 -8.44082576e-04 9.11377806e-04
2400             3.77955260e-01 -1.21215910e-01 -2.30609671e-01 3.26530747e-01 -1.20485707e-01 -2.31512962e-01 5.14245125e-02 -7.30202044e-04 9.03290699e-04
2410             3.68105525e-01 -9.82665558e-02 -2.43044611e-01 3.16603298e-01 -9.76011681e-02 -2.43786345e-01 5.15022278e-02 -6.65387648e-04 7.41733904e-04
2420             3.70904103e-01 -7.32212922e-02 -2.37667908e-01 3.19359457e-01 -7.26354072e-02 -2.38252770e-01 5.15446463e-02 -5.85884991e-04 5.84862052e-04
2430             3.70785039e-01 -3.81331345e-02 -2.09215412e-01 3.19237705e-01 -3.76748388e-02 -2.09730663e-01 5.15473335e-02 -4.58295708e-04 5.15250834e-04
2440             3.70005372e-01 -2.40275578e-02 -1.73757099e-01 3.18599718e-01 -2.36824913e-02 -1.74326969e-01 5.14056543e-02 -3.45066495e-04 5.69870315e-04
2450             3.79744177e-01 -3.03190885e-02 -1.57251583e-01 3.28336059e-01 -2.99949443e-02 -1.57874328e-01 5.14081176e-02 -3.24144196e-04 6.22745067e-04
2460             4.03133892e-01 -4.96920963e-02 -1.66125217e-01 3.51383441e-01 -4.93005398e-02 -1.66635004e-01 5.17504517e-02 -3.91556503e-04 5.09786811e-04
2470             4.32264949e-01 -8.94259936e-02 -1.74583747e-01 3.80045896e-01 -8.88901233e-02 -1.74928990e-01 5.22190527e-02 -5.35870209e-04 3.45243030e-04
2480             4.53970055e-01 -1.35945645e-01 -1.71361344e-01 4.01425948e-01 -1.35297885e-01 -1.71662476e-01 5.25441070e-02 -6.47760376e-04 3.01131936e-04
2490             4.55814658e-01 -1.63654504e-01 -1.69742145e-01 4.03178831e-01 -1.62925745e-01 -1.70123902e-01 5.26358274e-02 -7.28759248e-04 3.81756891e-04
2500             4.41689198e-01 -1.75700032e-01 -1.72046294e-01 3.89088011e-01 -1.74858251e-01 -1.72524679e-01 5.26011869e-02 -8.41780268e-04 4.78384849e-04
2510             4.24955177e-01 -1.58898417e-01 -1.95021643e-01 3.72555906e-01 -1.57967317e-01 -1.95562903e-01 5.23992707e-02 -9.31100174e-04 5.41259611e-04
2520             4.11443187e-01 -1.26875167e-01 -2.14276142e-01 3.59326330e-01 -1.25933230e-01 -2.14808883e-01 5.21168571e-02 -9.41936660e-04 5.32740702e-04
2530             3.99345814e-01 -1.02522117e-01 -2.07770075e-01 3.47599980e-01 -1.01618546e-01 -2.08308160e-01 5.17458331e-02 -9.03570461e-04 5.38084685e-04
2540             4.02112773e-01 -1.19102896e-01 -1.86554685e-01 3.50699756e-01 -1.18184521e-01 -1.87168913e-01 5.14130172e-02 -9.18374964e-04 6.14228397e-04
2550             4.12668443e-01 -1.74861846e-01 -1.72539661e-01 3.61336632e-01 -1.73877759e-01 -1.73287285e-01 5.13318111e-02 -9.84087239e-04 7.47624632e-04
2560             4.04540308e-01 -1.83495265e-01 -1.70070854e-01 3.53213136e-01 -1.82422300e-01 -1.71000579e-01 5.13271720e-02 -1.07296477e-03 9.29725252e-04
2570             3.99081824e-01 -1.61578550e-01 -1.74371869e-01 3.47646760e-01 -1.60494852e-01 -1.75314909e-01 5.14350639e-02 -1.08369837e-03 9.43039758e-04
2580             4.16132583e-01 -1.31161762e-01 -1.65633942e-01 3.64338376e-01 -1.30159647e-01 -1.66502252e-01 5.17942070e-02 -1.00211550e-03 8.68309632e-04
2590             4.32777022e-01 -1.02246404e-01 -1.60124084e-01 3.80626951e-01 -1.01348559e-01 -1.60874554e-01 5.21500711e-02 -8.97845420e-04 7.50470312e-04
2600             4.47835135e-01 -8.36375462e-02 -1.42424484e-01 3.95387137e-01 -8.27428239e-02 -1.43045726e-01 5.24479988e-02 -8.94722318e-04 6.21242346e-04
2610             4.43075753e-01 -6.42532341e-02 -1.38373888e-01 3.90306220e-01 -6.33193143e-02 -1.38846704e-01 5.27695331e-02 -9.33919770e-04 4.72816562e-04
2620             4.25837836e-01 -7.26382191e-02 -1.44310142e-01 3.72811352e-01 -7.15960991e-02 -1.44686068e-01 5.30264842e-02 -1.04212003e-03 3.75925746e-04
2630             4.22341563e-01 -1.18385141e-01 -1.69881749e-01 3.69251358e-01 -1.17215126e-01 -1.70212722e-01 5.30902042e-02 -1.17001513e-03 3.30972115e-04
2640             4.21376070e-01 -1.56949359e-01 -2.07264073e-01 3.68340747e-01 -1.55673597e-01 -2.07603689e-01 5.30353229e-02 -1.27576211e-03 3.39616144e-04
2650             4.12249600e-01 -1.59326745e-01 -2.31792851e-01 3.59382572e-01 -1.58054004e-01 -2.32131682e-01 5.28670277e-02 -1.27274156e-03 3.38830193e-04
2660             4.00528569e-01 -1.22253533e-01 -2.33727627e-01 3.47835491e-01 -1.21099392e-01 -2.34080799e-01 5.26930777e-02 -1.15414135e-03 3.53172378e-04
2670             3.91213867e-01 -6.50170455e-02 -2.42281149e-01 3.39021618e-01 -6.40486027e-02 -2.42670445e-01 5.21922494e-02 -9.68442796e-04 3.89296439e-04
2680             3.79776734e-01 -1.14176911e-02 -2.44702714e-01 3.28451140e-01 -1.05911598e-02 -2.45153604e-01 5.13255944e-02 -8.26531323e-04 4.50890045e-04
2690             3.78176242e-01 5.68606097e-03 -2.13685241e-01 3.27499701e-01 6.45670297e-03 -2.14278397e-01 5.06765418e-02 -7.70642001e-04 5.93155451e-04
2700             3.82997131e-01 -1.10269115e-02 -1.67214139e-01 3.32504633e-01 -1.02649941e-02 -1.67948563e-01 5.04924980e-02 -7.61917449e-04 7.34423568e-04
2710             3.74528283e-01 -2.89233034e-02 -1.47517723e-01 3.23796786e-01 -2.80646761e-02 -1.48359321e-01 5.07314969e-02 -8.58627328e-04 8.41598487e-04
2720             3.75004562e-01 -3.74521289e-02 -1.62556401e-01 3.23923705e-01 -3.64866778e-02 -1.63355820e-01 5.10808573e-02 -9.65451127e-04 7.99418289e-04
2730             3.87084946e-01 -4.09472123e-02 -1.74317160e-01 3.35545070e-01 -3.99449489e-02 -1.74970528e-01 5.15398754e-02 -1.00226346e-03 6.53368195e-04
2740             4.06801693e-01 -6.01557431e-02 -1.53383689e-01 3.54796090e-01 -5.90926184e-02 -1.53910708e-01 5.20056024e-02 -1.06312470e-03 5.27018525e-04
2750             4.22439939e-01 -7.08640978e-02 -1.45578676e-01 3.70049096e-01 -6.96898956e-02 -1.45981418e-01 5.23908426e-02 -1.17420222e-03 4.02742233e-04
2760             4.36439362e-01 -7.50058796e-02 -1.48850357e-01 3.83733913e-01 -7.37447408e-02 -1.49139247e-01 5.27054493e-02 -1.26113879e-03 2.88889229e-04
2770             4.48144665e-01 -8.94201728e-02 -1.57290641e-01 3.95334613e-01 -8.81291717e-02 -1.57527258e-01 5.28100518e-02 -1.29100110e-03 2.36617210e-04
2780             4.46635909e-01 -1.12895463e-01 -1.72912787e-01 3.93908026e-01 -1.11599070e-01 -1.73168863e-01 5.27278826e-02 -1.29639333e-03 2.56075843e-04
2790             4.36434747e-01 -1.42241833e-01 -1.75095206e-01 3.83926908e-01 -1.40944382e-01 -1.75467234e-01 5.25078392e-02 -1.29745158e-03 3.72028754e-04
2800             4.22776730e-01 -1.67737183e-01 -1.64089235e-01 3.70464491e-01 -1.66357228e-01 -1.64560962e-01 5.23122397e-02 -1.37995475e-03 4.71727583e-04
2810             4.10050757e-01 -1.76319912e-01 -1.78091799e-01 3.57818789e-01 -1.74825481e-01 -1.78585943e-01 5.22319684e-02 -1.49443099e-03 4.94143697e-04
2820             4.07522799e-01 -1.67611556e-01 -2.35002229e-01 3.55364465e-01 -1.66070714e-01 -2.35439314e-01 5.21583344e-02 -1.54084209e-03 4.37084290e-04
2830             4.15926303e-01 -1.74766929e-01 -2.90409607e-01 3.64027587e-01 -1.73229280e-01 -2.90850503e-01 5.18987163e-02 -1.53764882e-03 4.40896103e-04
2840             4.21136757e-01 -2.01926016e-01 -3.29942546e-01 3.69558403e-01 -2.00347667e-01 -3.30472906e-01 5.15783537e-02 -1.57834862e-03 5.30360360e-04
2850             4.20772604e-01 -2.19982122e-01 -3.63118896e-01 3.69329516e-01 -2.18294107e-01 -3.63638205e-01 5.14430885e-02 -1.68801531e-03 5.19308747e-04
2860             4.22811380e-01 -2.22572578e-01 -3.61394069e-01 3.71244339e-01 -2.20857817e-01 -3.61880057e-01 5.15670403e-02 -1.71476144e-03 4.85988010e-04
2870             4.37770715e-01 -2.15497141e-01 -3.33039508e-01 3.85884310e-01 -2.13855038e-01 -3.33559001e-01 5.18864056e-02 -1.64210336e-03 5.19493114e-04
2880             4.68552886e-01 -2.15205622e-01 -2.92662153e-01 4.16227352e-01 -2.13751216e-01 -2.93180947e-01 5.23255334e-02 -1.45440600e-03 5.18793832e-04
2890             4.96410985e-01 -2.23746861e-01 -2.52750040e-01 4.43397094e-01 -2.22504615e-01 -2.53294710e-01 5.30138914e-02 -1.24224678e-03 5.44669560e-04
2900             4.89818655e-01 -2.07102960e-01 -2.22723287e-01 4.36113452e-01 -2.06026862e-01 -2.23276102e-01 5.37052025e-02 -1.07609826e-03 5.52814772e-04
2910             4.49504207e-01 -1.70245768e-01 -1.98527577e-01 3.95340103e-01 -1.69238373e-01 -1.99127070e-01 5.41641036e-02 -1.00739512e-03 5.99492500e-04
2920             4.02234439e-01 -1.35265081e-01 -1.50231330e-01 3.47817643e-01 -1.34293633e-01 -1.50890207e-01 5.44167956e-02 -9.71448477e-04 6.58876394e-04
2930             3.70574039e-01 -8.72706902e-02 -1.17972818e-01 3.16080317e-01 -8.63477842e-02 -1.18710545e-01 5.44937216e-02 -9.22905999e-04 7.37727038e-04
2940             3.67233678e-01 -7.11597417e-02 -9.32349660e-02 3.13073666e-01 -7.02888363e-02 -9.40005031e-02 5.41600118e-02 -8.70905422e-04 7.65537117e-04
2950             3.76187094e-01 -6.64721565e-02 -5.80809391e-02 3.22272117e-01 -6.55965283e-02 -5.88492435e-02 5.39149766e-02 -8.75628217e-04 7.68304365e-04
2960             3.92349019e-01 -5.65383319e-02 -5.46667203e-02 3.38551163e-01 -5.56616310e-02 -5.54456952e-02 5.37978553e-02 -8.76700892e-04 7.78974848e-04
2970             4.06304100e-01 -5.56765225e-02 -8.14154708e-02 3.52936562e-01 -5.47753655e-02 -8.21865410e-02 5.33675379e-02 -9.01156954e-04 7.71070184e-04
2980             4.03078232e-01 -5.64864926e-02 -1.23320489e-01 3.50388367e-01 -5.55677257e-02 -1.24059685e-01 5.26898652e-02 -9.18766941e-04 7.39195650e-04
2990             3.86229602e-01 -4.58710611e-02 -1.46315515e-01 3.33797724e-01 -4.49428903e-02 -1.46963423e-01 5.24318781e-02 -9.28170779e-04 6.47908133e-04
3000             3.67144537e-01 -4.62502366e-02 -1.35108734e-01 3.14577474e-01 -4.53199194e-02 -1.35709190e-01 5.25670622e-02 -9.30317173e-04 6.00455829e-04
3010             3.60047128e-01 -4.27478881e-02 -9.49685431e-02 3.07423513e-01 -4.18495649e-02 -9.56244802e-02 5.26236146e-02 -8.98323203e-04 6.55937052e-04
3020             3.65582108e-01 -4.60873022e-02 -8.12186154e-02 3.12833749e-01 -4.52147117e-02 -8.19326376e-02 5.27483591e-02 -8.72590508e-04 7.14022229e-04
3030             3.80829806e-01 -6.42197906e-02 -7.34425377e-02 3.27978253e-01 -6.32629075e-02 -7.42055005e-02 5.28515530e-02 -9.56883153e-04 7.62962847e-04
3040             3.96054891e-01 -8.15923127e-02 -7.29410671e-02 3.43220238e-01 -8.04870187e-02 -7.36245161e-02 5.28346524e-02 -1.10529405e-03 6.83448986e-04
3050             3.93364271e-01 -9.17574459e-02 -1.08304256e-01 3.40622609e-01 -9.05186582e-02 -1.08791059e-01 5.27416620e-02 -1.23878774e-03 4.86803469e-04
3060             3.96429712e-01 -1.12471115e-01 -1.24887067e-01 3.43807010e-01 -1.11127711e-01 -1.25178745e-01 5.26227025e-02 -1.34340425e-03 2.91678134e-04
3070             4.00803325e-01 -1.33927542e-01 -1.06684363e-01 3.48368252e-01 -1.32522465e-01 -1.06973754e-01 5.24350726e-02 -1.40507676e-03 2.89390988e-04
3080             3.97499959e-01 -1.46743441e-01 -9.80828485e-02 3.45374475e-01 -1.45280585e-01 -9.85033558e-02 5.21254833e-02 -1.46285638e-03 4.20507297e-04
3090             3.86762607e-01 -1.47524041e-01 -9.47736116e-02 3.35049206e-01 -1.46060837e-01 -9.53811597e-02 5.17134011e-02 -1.46320405e-03 6.07548039e-04
3100             3.85866522e-01 -1.47415604e-01 -9.91338909e-02 3.34494911e-01 -1.45956695e-01 -9.98359551e-02 5.13716105e-02 -1.45890867e-03 7.02064231e-04
3110             3.96706099e-01 -1.57419981e-01 -1.09647010e-01 3.45615622e-01 -1.56015564e-01 -1.10399212e-01 5.10904776e-02 -1.40441694e-03 7.52202229e-04
3120             4.03612239e-01 -1.64751466e-01 -1.45854122e-01 3.52704003e-01 -1.63445801e-01 -1.46643964e-01 5.09082357e-02 -1.30566595e-03 7.89842201e-04
3130             4.09207365e-01 -1.80332510e-01 -1.91626637e-01 3.58449615e-01 -1.78993131e-01 -1.92524725e-01 5.07577499e-02 -1.33937849e-03 8.98087967e-04
3140             4.28217377e-01 -1.97091633e-01 -2.19135289e-01 3.77710147e-01 -1.95620486e-01 -2.20176170e-01 5.05072307e-02 -1.47114667e-03 1.04088083e-03
3150             4.56228374e-01 -1.93581980e-01 -2.41055539e-01 4.05630514e-01 -1.92040568e-01 -2.42078140e-01 5.05978602e-02 -1.54141256e-03 1.02260014e-03
3160             4.81267902e-01 -1.88310877e-01 -2.43010483e-01 4.30241677e-01 -1.86779504e-01 -2.43893439e-01 5.10262249e-02 -1.53137364e-03 8.82955764e-04
3170             5.00113413e-01 -1.82074030e-01 -2.19543854e-01 4.48574354e-01 -1.80642777e-01 -2.20263994e-01 5.15390589e-02 -1.43125252e-03 7.20140001e-04
3180             5.08404784e-01 -1.73199531e-01 -1.80723371e-01 4.56341626e-01 -1.71922285e-01 -1.81354876e-01 5.20631582e-02 -1.27724693e-03 6.31504951e-04
3190             4.93662031e-01 -1.56819893e-01 -1.75220983e-01 4.41025794e-01 -1.55686691e-01 -1.75841016e-01 5.26362367e-02 -1.13320111e-03 6.20032929e-04
3200             4.72444639e-01 -1.42713318e-01 -1.83401369e-01 4.19292895e-01 -1.41686069e-01 -1.84074000e-01 5.31517440e-02 -1.02724910e-03 6.72630773e-04
3210             4.46394248e-01 -1.43149408e-01 -1.61698570e-01 3.93011665e-01 -1.42129650e-01 -1.62417655e-01 5.33825839e-02 -1.01975777e-03 7.19084798e-04
3220             4.23471785e-01 -1.37845490e-01 -1.50188146e-01 3.70173431e-01 -1.36781947e-01 -1.50945285e-01 5.32983546e-02 -1.06354385e-03 7.57138947e-04
3230             4.10194863e-01 -1.31416147e-01 -1.23634500e-01 3.57049609e-01 -1.30351083e-01 -1.24456481e-01 5.31452543e-02 -1.06506370e-03 8.21981761e-04
3240             4.20035029e-01 -1.23471577e-01 -1.06344696e-01 3.67071595e-01 -1.22374032e-01 -1.07177200e-01 5.29634343e-02 -1.09754507e-03 8.32504062e-04
3250             4.28038172e-01 -1.23414647e-01 -1.35582649e-01 3.75285200e-01 -1.22249337e-01 -1.36398117e-01 5.27529721e-02 -1.16530992e-03 8.15468345e-04
3260             4.20669260e-01 -1.33793626e-01 -1.66216233e-01 3.68087668e-01 -1.32561521e-01 -1.66956332e-01 5.25815918e-02 -1.23210483e-03 7.40098708e-04
3270             4.01827218e-01 -1.36006962e-01 -2.03744198e-01 3.49443970e-01 -1.34705637e-01 -2.04283615e-01 5.23832483e-02 -1.30132586e-03 5.39417136e-04
3280             3.83100631e-01 -1.17047548e-01 -2.39168591e-01 3.30837998e-01 -1.15688737e-01 -2.39462732e-01 5.22626330e-02 -1.35881082e-03 2.94141523e-04
3290             3.77273479e-01 -1.07571970e-01 -2.55153700e-01 3.24970775e-01 -1.06199230e-01 -2.55247915e-01 5.23027040e-02 -1.37274037e-03 9.42151994e-05
3300             3.79813783e-01 -1.18618824e-01 -2.44346286e-01 3.27301393e-01 -1.17279580e-01 -2.44293679e-01 5.25123899e-02 -1.33924407e-03 -5.26067348e-05
3310             3.69471184e-01 -1.35507446e-01 -2.22884893e-01 3.16554087e-01 -1.34200746e-01 -2.22765077e-01 5.29170968e-02 -1.30669949e-03 -1.19816678e-04
3320             3.41091415e-01 -1.48045580e-01 -2.09523664e-01 2.87896288e-01 -1.46714130e-01 -2.09449533e-01 5.31951273e-02 -1.33144952e-03 -7.41307338e-05
3330             3.14517048e-01 -1.25419383e-01 -2.23831913e-01 2.61425137e-01 -1.24145966e-01 -2.23716231e-01 5.30919116e-02 -1.27341669e-03 -1.15682437e-04
3340             3.16619285e-01 -9.47572417e-02 -2.09510242e-01 2.63839131e-01 -9.35719135e-02 -2.09338217e-01 5.27801538e-02 -1.18532816e-03 -1.72024281e-04
3350             3.42128095e-01 -8.95899378e-02 -1.74802621e-01 2.89566641e-01 -8.84697215e-02 -1.74580684e-01 5.25614536e-02 -1.12021627e-03 -2.21936998e-04
3360             3.63674131e-01 -8.25292776e-02 -1.11401944e-01 3.11380345e-01 -8.14849534e-02 -1.11240662e-01 5.22937857e-02 -1.04432418e-03 -1.61282055e-04
3370             3.74499469e-01 -4.76953963e-02 -4.94346861e-02 3.22420288e-01 -4.66842642e-02 -4.93760443e-02 5.20791807e-02 -1.01113203e-03 -5.86417698e-05
3380             3.89447393e-01 -4.46317346e-02 -3.36104631e-03 3.37327454e-01 -4.35241185e-02 -3.43641108e-03 5.21199391e-02 -1.10761613e-03 7.53647734e-05
3390             3.98336678e-01 -9.52660284e-02 -2.88179287e-02 3.46123006e-01 -9.40165804e-02 -2.90390260e-02 5.22136718e-02 -1.24944794e-03 2.21097309e-04
3400             4.07712764e-01 -1.37376645e-01 -1.25735341e-01 3.55294499e-01 -1.36120382e-01 -1.25881236e-01 5.24182648e-02 -1.25626336e-03 1.45894954e-04
3410             4.22420673e-01 -1.55909801e-01 -2.19982947e-01 3.69748961e-01 -1.54759621e-01 -2.20151023e-01 5.26717128e-02 -1.15018016e-03 1.68076018e-04
3420             4.38315375e-01 -1.69773369e-01 -2.39766133e-01 3.85565441e-01 -1.68705055e-01 -2.40007443e-01 5.27499341e-02 -1.06831480e-03 2.41310289e-04
3430             4.54999404e-01 -1.84259872e-01 -2.21068671e-01 4.02063452e-01 -1.83238683e-01 -2.21348043e-01 5.29359514e-02 -1.02118935e-03 2.79372766e-04
3440             4.73014756e-01 -1.96932653e-01 -2.11648666e-01 4.19648409e-01 -1.95938388e-01 -2.12020593e-01 5.33663464e-02 -9.94265679e-04 3.71926541e-04
3450             4.84802418e-01 -1.94024935e-01 -2.03936330e-01 4.31155033e-01 -1.92981175e-01 -2.04434715e-01 5.36473852e-02 -1.04376035e-03 4.98385766e-04
3460             4.92205476e-01 -1.66917235e-01 -2.00952024e-01 4.38470653e-01 -1.65792338e-01 -2.01549813e-01 5.37348229e-02 -1.12489682e-03 5.97788715e-04
3470             4.97623102e-01 -1.34466784e-01 -1.87740258e-01 4.43912626e-01 -1.33295848e-01 -1.88342580e-01 5.37104758e-02 -1.17093580e-03 6.02322120e-04
3480             5.00307585e-01 -1.08565213e-01 -1.70664873e-01 4.46696148e-01 -1.07442258e-01 -1.71248969e-01 5.36114362e-02 -1.12295530e-03 5.84096582e-04
3490             4.98903998e-01 -8.99453056e-02 -1.44275710e-01 4.45442422e-01 -8.89792275e-02 -1.44873917e-01 5.34615757e-02 -9.66078091e-04 5.98206954e-04
3500             4.93229189e-01 -6.56065536e-02 -1.31331807e-01 4.39891254e-01 -6.48409220e-02 -1.32024434e-01 5.33379350e-02 -7.65631571e-04 6.92627261e-04
3510             4.83816880e-01 -4.76452204e-02 -1.37101382e-01 4.30429467e-01 -4.70603814e-02 -1.37864235e-01 5.33874127e-02 -5.84839032e-04 7.62852888e-04
3520             4.77270408e-01 -5.88888662e-02 -1.68316589e-01 4.23934620e-01 -5.83334833e-02 -1.69097684e-01 5.33357881e-02 -5.55382887e-04 7.81095239e-04
3530             4.61613989e-01 -8.61903411e-02 -2.02877447e-01 4.08492253e-01 -8.56167718e-02 -2.03690380e-01 5.31217361e-02 -5.73569325e-04 8.12932111e-04
3540             4.29424567e-01 -1.17001522e-01 -1.92820565e-01 3.76635485e-01 -1.16412673e-01 -1.93678984e-01 5.27890826e-02 -5.88849175e-04 8.58419385e-04
3550             4.05841245e-01 -1.28716461e-01 -1.44573459e-01 3.53454359e-01 -1.28094815e-01 -1.45390528e-01 5.23868865e-02 -6.21646060e-04 8.17069229e-04
3560             4.12476551e-01 -1.42232869e-01 -1.36317148e-01 3.60202069e-01 -1.41559794e-01 -1.36994887e-01 5.22744810e-02 -6.73075153e-04 6.77738815e-04
3570             4.39871120e-01 -1.61380622e-01 -1.84731021e-01 3.87448480e-01 -1.60646830e-01 -1.85167755e-01 5.24226397e-02 -7.33792510e-04 4.36734303e-04
3580             4.52712151e-01 -1.65113851e-01 -2.32349624e-01 3.99909810e-01 -1.64423879e-01 -2.32561453e-01 5.28023411e-02 -6.89971953e-04 2.11828565e-04
3590             4.42768609e-01 -1.71103021e-01 -2.50313465e-01 3.89452020e-01 -1.70458740e-01 -2.50333144e-01 5.33165895e-02 -6.44281032e-04 1.96790296e-05
3600             4.22729572e-01 -1.69707221e-01 -2.45554937e-01 3.69023117e-01 -1.69064708e-01 -2.45486499e-01 5.37064545e-02 -6.42513853e-04 -6.84379533e-05
3610             4.00915473e-01 -1.43121792e-01 -2.41644062e-01 3.46969087e-01 -1.42501900e-01 -2.41526571e-01 5.39463858e-02 -6.19892303e-04 -1.17491162e-04
3620             3.88271931e-01 -1.10186310e-01 -2.12305469e-01 3.34206370e-01 -1.09581681e-01 -2.12156413e-01 5.40655616e-02 -6.04629185e-04 -1.49056553e-04
3630             3.80701347e-01 -8.70234209e-02 -1.72926423e-01 3.26643105e-01 -8.64472164e-02 -1.72773012e-01 5.40582426e-02 -5.76204438e-04 -1.53411129e-04
3640             3.85529698e-01 -7.89955449e-02 -1.39458601e-01 3.31654443e-01 -7.84758177e-02 -1.39389572e-01 5.38752549e-02 -5.19727139e-04 -6.90288962e-05
3650             4.07691377e-01 -1.05862634e-01 -1.12081570e-01 3.54172862e-01 -1.05366658e-01 -1.12182459e-01 5.35185153e-02 -4.95975330e-04 1.00889459e-04
3660             4.20953241e-01 -1.18858694e-01 -8.91343113e-02 3.67799188e-01 -1.18316219e-01 -8.94285649e-02 5.31540530e-02 -5.42474048e-04 2.94253605e-04
3670             4.18332096e-01 -1.02967150e-01 -9.26211069e-02 3.65435076e-01 -1.02285728e-01 -9.30527928e-02 5.28970200e-02 -6.81422049e-04 4.31685847e-04
3680             4.06678439e-01 -7.47689055e-02 -1.01205012e-01 3.54123783e-01 -7.39708320e-02 -1.01706353e-01 5.25546559e-02 -7.98073567e-04 5.01341154e-04
3690             3.91196256e-01 -5.23255557e-02 -1.39232885e-01 3.39045763e-01 -5.15060455e-02 -1.39710778e-01 5.21504930e-02 -8.19510212e-04 4.77893616e-04
3700             3.85179690e-01 -7.57001793e-02 -1.72513582e-01 3.33330361e-01 -7.48666191e-02 -1.72932236e-01 5.18493291e-02 -8.33560265e-04 4.18653393e-04
3710             3.96582477e-01 -1.21364569e-01 -1.73262107e-01 3.44934409e-01 -1.20493719e-01 -1.73667802e-01 5.16480680e-02 -8.70850450e-04 4.05694852e-04
3720             4.09222809e-01 -1.33498518e-01 -1.89076155e-01 3.57504002e-01 -1.32598410e-01 -1.89556206e-01 5.17188067e-02 -9.00107786e-04 4.80051105e-04
3730             4.15468106e-01 -1.22607845e-01 -2.13319658e-01 3.63505241e-01 -1.21667451e-01 -2.13864817e-01 5.19628657e-02 -9.40394209e-04 5.45158897e-04
3740             4.21142608e-01 -1.32007985e-01 -2.05247445e-01 3.68980653e-01 -1.31030387e-01 -2.05829712e-01 5.21619548e-02 -9.77598437e-04 5.82267397e-04
3750             4.21813173e-01 -1.66617219e-01 -1.82992508e-01 3.69479288e-01 -1.65600703e-01 -1.83519316e-01 5.23338853e-02 -1.01651549e-03 5.26808720e-04
3760             4.25191657e-01 -1.85493816e-01 -1.72228737e-01 3.72625291e-01 -1.84424048e-01 -1.72711630e-01 5.25663669e-02 -1.06976838e-03 4.82893407e-04
3770             4.43139400e-01 -1.95693863e-01 -1.63662367e-01 3.90459702e-01 -1.94578534e-01 -1.64176577e-01 5.26796980e-02 -1.11532852e-03 5.14210689e-04
3780             4.53077286e-01 -1.88813699e-01 -1.43247900e-01 4.00398493e-01 -1.87679744e-01 -1.43897361e-01 5.26787931e-02 -1.13395531e-03 6.49460034e-04
3790             4.65362756e-01 -1.70815943e-01 -1.44206533e-01 4.12665333e-01 -1.69704041e-01 -1.45006120e-01 5.26974230e-02 -1.11190161e-03 7.99586798e-04
3800             4.73550472e-01 -1.54572179e-01 -1.84302404e-01 4.20840624e-01 -1.53518253e-01 -1.85177943e-01 5.27098486e-02 -1.05392622e-03 8.75539014e-04
3810             4.68527353e-01 -1.37443995e-01 -2.37152718e-01 4.15828540e-01 -1.36417011e-01 -2.37925755e-01 5.26988136e-02 -1.02698476e-03 7.73037035e-04
3820             4.55473161e-01 -1.19545472e-01 -2.52751405e-01 4.02789480e-01 -1.18562405e-01 -2.53426720e-01 5.26836809e-02 -9.83066429e-04 6.75315323e-04
3830             4.53572809e-01 -1.22676196e-01 -2.51280811e-01 4.00863337e-01 -1.21771608e-01 -2.51912405e-01 5.27094730e-02 -9.04588612e-04 6.31594355e-04
3840             4.52843493e-01 -1.36079101e-01 -2.50638695e-01 4.00085671e-01 -1.35227364e-01 -2.51243068e-01 5.27578222e-02 -8.51736543e-04 6.04373055e-04
3850             4.53889686e-01 -1.51088344e-01 -2.66888317e-01 4.01063272e-01 -1.50260424e-01 -2.67546736e-01 5.28264144e-02 -8.27920224e-04 6.58419558e-04
3860             4.53812832e-01 -1.57549602e-01 -2.80341145e-01 4.01007685e-01 -1.56710147e-01 -2.81063423e-01 5.28051468e-02 -8.39454892e-04 7.22278569e-04
3870             4.48425991e-01 -1.72907508e-01 -2.66238447e-01 3.96219885e-01 -1.71978726e-01 -2.66916325e-01 5.22061057e-02 -9.28782301e-04 6.77877945e-04
3880             4.32430884e-01 -1.69139526e-01 -2.65624120e-01 3.81011127e-01 -1.68051241e-01 -2.66210502e-01 5.14197568e-02 -1.08828543e-03 5.86381886e-04
3890             4.08610013e-01 -1.40202763e-01 -2.98964010e-01 3.57320838e-01 -1.39063270e-01 -2.99363745e-01 5.12891753e-02 -1.13949330e-03 3.99734854e-04
3900             3.89814105e-01 -1.27559686e-01 -3.10932278e-01 3.38274323e-01 -1.26416173e-01 -3.11097701e-01 5.15397813e-02 -1.14351350e-03 1.65423068e-04
3910             3.83026300e-01 -1.27887994e-01 -2.82217638e-01 3.31127843e-01 -1.26707919e-01 -2.82201483e-01 5.18984576e-02 -1.18007486e-03 -1.61549905e-05
3920             3.90213623e-01 -1.28817492e-01 -2.24843077e-01 3.37846151e-01 -1.27624713e-01 -2.24814911e-01 5.23674712e-02 -1.19277980e-03 -2.81663997e-05
3930             4.13553340e-01 -1.23373964e-01 -1.64787967e-01 3.60870739e-01 -1.22160072e-01 -1.64831835e-01 5.26826009e-02 -1.21389115e-03 4.38679703e-05
3940             4.20238087e-01 -1.03962999e-01 -1.18588827e-01 3.67522073e-01 -1.02696873e-01 -1.18725540e-01 5.27160141e-02 -1.26612643e-03 1.36712660e-04
3950             4.05494578e-01 -6.84974307e-02 -1.00978462e-01 3.52732590e-01 -6.72188387e-02 -1.01160101e-01 5.27619883e-02 -1.27859194e-03 1.81639161e-04
3960             3.91057020e-01 -5.22932030e-02 -8.97277985e-02 3.38149982e-01 -5.10477975e-02 -8.98858714e-02 5.29070379e-02 -1.24540552e-03 1.58072928e-04
3970             3.87638812e-01 -5.30292904e-02 -8.07152512e-02 3.34462992e-01 -5.18554417e-02 -8.08485819e-02 5.31758200e-02 -1.17384873e-03 1.33330697e-04
3980             3.95259559e-01 -8.34237579e-02 -8.49448019e-02 3.41862071e-01 -8.23323392e-02 -8.50748319e-02 5.33974881e-02 -1.09141871e-03 1.30030030e-04
3990             4.12027400e-01 -1.42472268e-01 -1.09895182e-01 3.58542887e-01 -1.41399537e-01 -1.09971068e-01 5.34845133e-02 -1.07273043e-03 7.58864875e-05
4000             4.17400243e-01 -2.04019028e-01 -1.32466175e-01 3.64003953e-01 -2.02866619e-01 -1.32479289e-01 5.33962902e-02 -1.15240964e-03 1.31140248e-05
4010             4.19175388e-01 -2.16354856e-01 -1.52465383e-01 3.65924525e-01 -2.15109997e-01 -1.52562487e-01 5.32508627e-02 -1.24485989e-03 9.71041782e-05
4020             4.15719600e-01 -1.98097272e-01 -1.44695384e-01 3.62650805e-01 -1.96857170e-01 -1.44875287e-01 5.30687948e-02 -1.24010152e-03 1.79903280e-04
4030             4.31850275e-01 -1.79234038e-01 -1.36157397e-01 3.78883230e-01 -1.78111431e-01 -1.36377922e-01 5.29670457e-02 -1.12260692e-03 2.20524849e-04
4040             4.52220222e-01 -1.65167370e-01 -1.41057695e-01 3.99155449e-01 -1.64235054e-01 -1.41290591e-01 5.30647728e-02 -9.32315812e-04 2.32895656e-04
4050             4.44407394e-01 -1.37246881e-01 -1.87923560e-01 3.91325841e-01 -1.36525442e-01 -1.88135505e-01 5.30815527e-02 -7.21439468e-04 2.11944892e-04
4060             4.32882666e-01 -1.04071216e-01 -2.32983092e-01 3.79860097e-01 -1.03549764e-01 -2.33246530e-01 5.30225686e-02 -5.21452216e-04 2.63437656e-04
4070             4.31562940e-01 -5.68154413e-02 -2.38218762e-01 3.78518162e-01 -5.64706380e-02 -2.38533357e-01 5.30447778e-02 -3.44803231e-04 3.14594653e-04
4080             4.44446612e-01 -2.78436780e-02 -2.37068221e-01 3.91327672e-01 -2.77158226e-02 -2.37342208e-01 5.31189398e-02 -1.27855451e-04 2.73987125e-04
4090             4.61684083e-01 -4.35314262e-02 -2.22171822e-01 4.08628607e-01 -4.34766905e-02 -2.22411987e-01 5.30554760e-02 -5.47356848e-05 2.40164686e-04
4100             4.67718309e-01 -7.59356884e-02 -2.03351827e-01 4.14760289e-01 -7.57606875e-02 -2.03689437e-01 5.29580203e-02 -1.75000876e-04 3.37610025e-04
4110             4.65203388e-01 -1.25510620e-01 -2.16894101e-01 4.12549483e-01 -1.25104736e-01 -2.17448240e-01 5.26539051e-02 -4.05883735e-04 5.54139709e-04
4120             4.50717395e-01 -1.83859520e-01 -2.54012594e-01 3.98566588e-01 -1.83247728e-01 -2.54684564e-01 5.21508071e-02 -6.11792206e-04 6.71969131e-04
4130             4.32639595e-01 -2.05646545e-01 -2.80701399e-01 3.80972801e-01 -2.04880031e-01 -2.81358694e-01 5.16667942e-02 -7.66513951e-04 6.57295462e-04
4140             4.27977149e-01 -2.05107935e-01 -2.94187464e-01 3.76749925e-01 -2.04266889e-01 -2.94727309e-01 5.12272245e-02 -8.41045592e-04 5.39844451e-04
4150             4.16988622e-01 -2.01012545e-01 -3.28625642e-01 3.66347353e-01 -2.00128215e-01 -3.28994085e-01 5.06412692e-02 -8.84330330e-04 3.68442339e-04
4160             3.91736966e-01 -1.69526143e-01 -3.39871194e-01 3.41738824e-01 -1.68710815e-01 -3.40121857e-01 4.99981420e-02 -8.15328232e-04 2.50663547e-04
4170             3.78133602e-01 -1.34382215e-01 -3.01766510e-01 3.28723482e-01 -1.33692324e-01 -3.01949913e-01 4.94101198e-02 -6.89890850e-04 1.83403460e-04
4180             3.74323150e-01 -1.24626723e-01 -2.47378410e-01 3.25151739e-01 -1.24002846e-01 -2.47522841e-01 4.91714105e-02 -6.23877211e-04 1.44430681e-04
4190             3.71609565e-01 -1.28025877e-01 -1.92908975e-01 3.22103187e-01 -1.27393629e-01 -1.93123705e-01 4.95063786e-02 -6.32247768e-04 2.14730694e-04
4200             3.68204326e-01 -1.48395438e-01 -1.82938379e-01 3.17940901e-01 -1.47650453e-01 -1.83078958e-01 5.02634248e-02 -7.44985049e-04 1.40578788e-04
4210             3.71664015e-01 -1.51442815e-01 -1.56748469e-01 3.20472493e-01 -1.50596390e-01 -1.56787989e-01 5.11915222e-02 -8.46425204e-04 3.95202240e-05
4220             3.92187486e-01 -1.41950823e-01 -1.18638863e-01 3.40455251e-01 -1.41063342e-01 -1.18675731e-01 5.17322349e-02 -8.87481593e-04 3.68680401e-05
4230             3.90897439e-01 -1.20322413e-01 -8.01742573e-02 3.38873454e-01 -1.19485540e-01 -8.01832887e-02 5.20239850e-02 -8.36872576e-04 9.03132009e-06
4240             3.90889017e-01 -1.00341965e-01 -5.84337757e-02 3.38531520e-01 -9.95968383e-02 -5.84862197e-02 5.23574966e-02 -7.45126765e-04 5.24440552e-05
4250             4.02979700e-01 -1.13802967e-01 -5.70053449e-02 3.50226932e-01 -1.13132444e-01 -5.70388199e-02 5.27527680e-02 -6.70523480e-04 3.34750128e-05
4260             4.32413957e-01 -1.41958009e-01 -7.09055932e-02 3.79312243e-01 -1.41326971e-01 -7.08965661e-02 5.31017141e-02 -6.31037751e-04 -9.02710585e-06
4270             4.55168012e-01 -1.47623089e-01 -1.08117401e-01 4.01940459e-01 -1.46999820e-01 -1.08078509e-01 5.32275523e-02 -6.23268224e-04 -3.88920994e-05
4280             4.50662740e-01 -1.31590304e-01 -1.22473498e-01 3.97719382e-01 -1.30957584e-01 -1.22437089e-01 5.29433578e-02 -6.32719962e-04 -3.64094040e-05
4290             4.35426576e-01 -1.30626892e-01 -1.36992294e-01 3.82967141e-01 -1.29984576e-01 -1.37182770e-01 5.24594348e-02 -6.42315511e-04 1.90475799e-04
4300             4.25200979e-01 -1.65895173e-01 -1.64116032e-01 3.73211951e-01 -1.65137219e-01 -1.64600607e-01 5.19890281e-02 -7.57953729e-04 4.84574417e-04
4310             4.08868861e-01 -1.72262044e-01 -2.27808989e-01 3.57083636e-01 -1.71352405e-01 -2.28404557e-01 5.17852249e-02 -9.09639103e-04 5.95567829e-04
4320             3.96212973e-01 -1.54446108e-01 -3.04453041e-01 3.44242881e-01 -1.53525771e-01 -3.05015611e-01 5.19700925e-02 -9.20336729e-04 5.62569588e-04
4330             3.98632039e-01 -1.70111587e-01 -3.58132732e-01 3.46655770e-01 -1.69280228e-01 -3.58742858e-01 5.19762685e-02 -8.31359283e-04 6.10125807e-04
4340             4.11968597e-01 -1.96789945e-01 -3.61398705e-01 3.59875484e-01 -1.96059137e-01 -3.62154194e-01 5.20931130e-02 -7.30808346e-04 7.55489135e-04
4350             4.29546327e-01 -2.12895442e-01 -3.52401258e-01 3.77029814e-01 -2.12252965e-01 -3.53254090e-01 5.25165130e-02 -6.42476824e-04 8.52832473e-04
4360             4.46661791e-01 -1.99396744e-01 -3.71893811e-01 3.93703668e-01 -1.98828557e-01 -3.72618465e-01 5.29581225e-02 -5.68186868e-04 7.24653397e-04
4370             4.53290340e-01 -1.63505250e-01 -3.64403664e-01 3.99925367e-01 -1.63026175e-01 -3.64991747e-01 5.33649725e-02 -4.79075216e-04 5.88083727e-04
4380             4.56158079e-01 -1.43535172e-01 -3.12355601e-01 4.02509236e-01 -1.43110115e-01 -3.12995862e-01 5.36488433e-02 -4.25057789e-04 6.40261507e-04
4390             4.51111178e-01 -1.44451397e-01 -2.58221415e-01 3.97443494e-01 -1.43955438e-01 -2.59035970e-01 5.36676844e-02 -4.95958931e-04 8.14554840e-04
4400             4.39843907e-01 -1.62751260e-01 -2.45526065e-01 3.86401339e-01 -1.62132101e-01 -2.46466423e-01 5.34425684e-02 -6.19158907e-04 9.40357461e-04
4410             3.99141756e-01 -1.55621324e-01 -2.34682338e-01 3.45953768e-01 -1.54928585e-01 -2.35659274e-01 5.31879879e-02 -6.92739186e-04 9.76936167e-04
4420             3.65587749e-01 -1.43758044e-01 -1.70397158e-01 3.12714193e-01 -1.43063587e-01 -1.71503199e-01 5.28735567e-02 -6.94457410e-04 1.10604058e-03
4430             3.49866191e-01 -1.20199123e-01 -8.49586558e-02 2.97337815e-01 -1.19549172e-01 -8.62097587e-02 5.25283759e-02 -6.49951235e-04 1.25110299e-03
4440             3.41526150e-01 -1.06594010e-01 -4.16111443e-02 2.89241136e-01 -1.06011694e-01 -4.28897065e-02 5.22850146e-02 -5.82315814e-04 1.27856221e-03
4450             3.50307616e-01 -1.18685947e-01 -5.40650077e-02 2.98167991e-01 -1.18108126e-01 -5.52670728e-02 5.21396250e-02 -5.77820803e-04 1.20206512e-03
4460             3.63918579e-01 -1.26252341e-01 -4.18974257e-02 3.12193938e-01 -1.25590399e-01 -4.30370292e-02 5.17246404e-02 -6.61942316e-04 1.13960350e-03
